k	Re[k]	Im[k]	ABS[k]	Phase[k]
0	  -0.00036	   0.00000	   0.00036	 180.00000
1	  -0.00040	2047.50098	2047.50098	  90.00002
2	   0.00004	  -0.00160	   0.00160	 -88.39517
3	  -0.00027	  -0.00064	   0.00069	-112.99852
4	   0.00008	   0.00051	   0.00051	  80.59979
5	   0.00021	2047.49780	2047.49780	  89.99999
6	   0.00039	  -0.00008	   0.00040	 -10.95739
7	  -0.00008	  -0.00006	   0.00010	-145.57222
8	   0.00036	   0.00017	   0.00040	  25.68596
9	   0.00026	   0.00025	   0.00036	  43.01048
10	  -0.00002	  -0.00005	   0.00006	-109.66695
11	  -0.00028	  -0.00012	   0.00030	-157.21446
12	  -0.00011	  -0.00023	   0.00025	-116.44701
13	  -0.00013	   0.00005	   0.00014	 156.90773
14	  -0.00010	   0.00017	   0.00020	 119.41339
15	   0.00038	  -0.00003	   0.00038	  -4.09536
16	   0.00016	   0.00002	   0.00016	   6.16477
17	   0.00007	   0.00017	   0.00018	  68.45641
18	   0.00126	   0.00012	   0.00126	   5.67983
19	   0.00000	  -0.00004	   0.00004	 -89.81207
20	  -0.00001	   0.00017	   0.00017	  94.75014
21	   0.00046	  -0.00010	   0.00047	 -12.46861
22	  -0.00009	  -0.00000	   0.00009	-179.68925
23	  -0.00000	   0.00005	   0.00005	  94.72765
24	   0.00022	   0.00030	   0.00037	  53.02529
25	   0.00022	   0.00006	   0.00023	  16.50537
26	  -0.00032	   0.00004	   0.00032	 172.27994
27	   0.00003	   0.00083	   0.00083	  87.90485
28	   0.00000	  -0.00002	   0.00002	 -85.67399
29	   0.00011	  -0.00005	   0.00012	 -26.96189
30	  -0.00045	   0.00029	   0.00053	 147.35561
31	   0.00000	   0.00004	   0.00004	  85.70480
32	   0.00001	   0.00008	   0.00008	  83.53716
33	   0.00040	   0.00027	   0.00048	  33.93655
34	  -0.00003	  -0.00001	   0.00004	-160.95955
35	  -0.00005	  -0.00003	   0.00006	-151.86224
36	  -0.00133	   0.00131	   0.00187	 135.34865
37	  -0.00003	   0.00006	   0.00006	 116.17134
38	  -0.00000	   0.00008	   0.00008	  93.51907
39	  -0.00043	   0.00071	   0.00083	 121.38741
40	   0.00006	   0.00000	   0.00006	   4.29029
41	  -0.00009	  -0.00006	   0.00011	-145.59970
42	  -0.00070	   0.00048	   0.00085	 145.29524
43	   0.00008	  -0.00003	   0.00009	 -22.19772
44	   0.00012	   0.00005	   0.00013	  22.41942
45	  -0.00034	   0.00061	   0.00070	 118.84943
46	   0.00007	   0.00002	   0.00007	  16.09615
47	   0.00012	   0.00015	   0.00019	  53.00552
48	  -0.00036	   0.00075	   0.00084	 115.90430
49	   0.00070	  -0.00050	   0.00086	 -35.37746
50	   0.00001	2047.50134	2047.50134	  90.00000
51	  -0.00017	   0.00088	   0.00090	 101.07550
52	  -0.00008	   0.00033	   0.00034	 104.10080
53	   0.00008	   0.00013	   0.00015	  57.28954
54	  -0.00110	   0.00331	   0.00348	 108.45066
55	   0.00010	  -0.00003	   0.00011	 -19.01809
56	  -0.00000	   0.00011	   0.00011	  91.85944
57	  -0.00016	   0.00069	   0.00071	 103.07289
58	  -0.00005	  -0.00008	   0.00009	-121.61798
59	   0.00005	   0.00003	   0.00006	  31.97116
60	   0.00004	   0.00073	   0.00073	  87.20712
61	  -0.00009	   0.00001	   0.00009	 174.71877
62	  -0.00007	   0.00006	   0.00010	 137.70419
63	   0.00049	   0.00098	   0.00109	  63.33926
64	   0.00007	  -0.00001	   0.00007	  -6.26752
65	  -0.00000	   0.00002	   0.00002	 100.82113
66	   0.00010	   0.00170	   0.00170	  86.75117
67	  -0.00013	   0.00004	   0.00013	 160.74492
68	   0.00000	   0.00001	   0.00001	  60.12674
69	   0.00019	   0.00033	   0.00038	  59.79949
70	  -0.00013	  -0.00007	   0.00015	-151.37013
71	  -0.00001	  -0.00010	   0.00010	 -95.33893
72	   0.00028	   0.00158	   0.00160	  79.80685
73	  -0.00005	  -0.00001	   0.00006	-165.19174
74	   0.00005	   0.00004	   0.00006	  41.53300
75	   0.00039	   0.00039	   0.00055	  44.88213
76	  -0.00001	   0.00001	   0.00002	 138.10429
77	   0.00013	  -0.00008	   0.00015	 -32.42971
78	   0.00046	   0.00029	   0.00054	  31.85848
79	  -0.00006	  -0.00006	   0.00009	-133.17401
80	  -0.00001	  -0.00008	   0.00008	 -95.20141
81	   0.00022	   0.00035	   0.00041	  57.60706
82	  -0.00001	  -0.00001	   0.00001	-115.32211
83	  -0.00003	  -0.00009	   0.00009	-108.50669
84	   0.00079	  -0.00001	   0.00079	  -0.65603
85	   0.00006	  -0.00019	   0.00020	 -71.91010
86	  -0.00008	  -0.00034	   0.00035	-102.97298
87	   0.00042	  -0.00028	   0.00051	 -33.85960
88	  -0.00015	   0.00002	   0.00015	 173.49651
89	  -0.00010	   0.00010	   0.00014	 133.77960
90	   0.00057	  -0.00027	   0.00063	 -25.11849
91	   0.00002	   0.00003	   0.00004	  47.90001
92	  -0.00004	   0.00009	   0.00010	 113.73952
93	   0.00059	  -0.00001	   0.00059	  -1.23123
94	  -0.00008	  -0.00012	   0.00015	-122.82894
95	   0.00001	   0.00014	   0.00014	  87.98973
96	   0.00076	   0.00002	   0.00076	   1.40231
97	  -0.00013	   0.00034	   0.00037	 111.16144
98	  -0.00006	  -0.00015	   0.00016	-112.93173
99	  -0.00012	  -0.00096	   0.00097	 -97.30383
100	   0.00045	   0.00000	   0.00045	   0.03540
101	  -0.00140	  -0.00045	   0.00147	-161.99669
102	   0.00065	  -0.00122	   0.00139	 -61.88560
103	  -0.00029	   0.00004	   0.00029	 171.70207
104	   0.00001	   0.00012	   0.00012	  86.15771
105	   0.00041	   0.00013	   0.00043	  18.12429
106	  -0.00004	  -0.00003	   0.00006	-144.13426
107	  -0.00024	  -0.00015	   0.00028	-147.63792
108	   0.00117	  -0.00133	   0.00177	 -48.67027
109	  -0.00008	   0.00033	   0.00034	 103.11957
110	   0.00010	   0.00007	   0.00012	  34.19936
111	   0.00058	  -0.00051	   0.00077	 -41.18806
112	  -0.00000	  -0.00000	   0.00000	-123.79497
113	   0.00003	  -0.00014	   0.00014	 -76.00967
114	   0.00052	  -0.00063	   0.00082	 -50.38472
115	  -0.00399	   0.00283	   0.00489	 144.62633
116	   0.00012	   0.00003	   0.00012	  14.77251
117	   0.00045	  -0.00038	   0.00059	 -40.27713
118	  -0.00012	   0.00007	   0.00014	 148.90274
119	   0.00006	   0.00006	   0.00009	  41.86001
120	   0.00042	  -0.00072	   0.00084	 -59.47744
121	  -0.00015	   0.00026	   0.00030	 119.41773
122	  -0.00017	  -0.00010	   0.00020	-149.08003
123	   0.00042	  -0.00054	   0.00069	 -52.28526
124	  -0.00016	   0.00023	   0.00028	 125.21915
125	   0.00047	  -0.00005	   0.00047	  -6.26263
126	   0.00027	  -0.00083	   0.00087	 -71.60576
127	   0.00011	   0.00018	   0.00021	  58.80157
128	   0.00005	  -0.00001	   0.00005	  -8.17587
129	   0.00032	  -0.00070	   0.00077	 -65.04221
130	   0.00025	   0.00033	   0.00041	  52.91574
131	  -0.00001	   0.00013	   0.00013	  95.18999
132	   0.00042	  -0.00101	   0.00109	 -67.29507
133	   0.00019	   0.00010	   0.00021	  29.14597
134	  -0.00001	   0.00001	   0.00001	 143.14372
135	   0.00002	  -0.00075	   0.00075	 -88.30264
136	   0.00007	  -0.00007	   0.00009	 -45.86974
137	  -0.00015	  -0.00023	   0.00028	-122.25917
138	   0.00002	  -0.00074	   0.00074	 -88.15923
139	   0.00035	  -0.00060	   0.00070	 -59.81055
140	  -0.00002	  -0.00019	   0.00019	 -96.13286
141	   0.00006	  -0.00078	   0.00078	 -85.87148
142	  -0.00014	  -0.00014	   0.00020	-135.45375
143	  -0.00102	  -0.00004	   0.00102	-177.48154
144	   0.00062	  -0.00113	   0.00129	 -61.20194
145	  -0.00015	  -0.00032	   0.00035	-115.79548
146	  -0.00003	   0.00014	   0.00014	 102.89971
147	  -0.00002	  -0.00075	   0.00075	 -91.68441
148	   0.00005	  -0.00005	   0.00007	 -44.54335
149	  -0.00012	   0.00006	   0.00014	 153.61945
150	  -0.00004	  -0.00073	   0.00073	 -93.44712
151	   0.00062	   0.00033	   0.00070	  27.59965
152	   0.00018	   0.00002	   0.00018	   7.59174
153	  -0.00118	  -0.00025	   0.00121	-168.24768
154	  -0.00013	  -0.00000	   0.00013	-178.13477
155	   0.00128	  -0.00009	   0.00129	  -3.99166
156	  -0.00024	  -0.00073	   0.00077	-107.89532
157	  -0.00084	  -0.00050	   0.00098	-149.01178
158	  -0.00031	  -0.00010	   0.00032	-162.69455
159	  -0.00034	  -0.00059	   0.00068	-120.06026
160	  -0.00004	  -0.00004	   0.00005	-140.20689
161	   0.00030	  -0.00015	   0.00034	 -27.15405
162	  -0.00023	  -0.00078	   0.00082	-106.16951
163	   0.00037	  -0.00009	   0.00039	 -14.21098
164	   0.00007	  -0.00015	   0.00017	 -63.99278
165	   0.00032	  -0.00079	   0.00085	 -68.11880
166	  -0.00073	   0.00010	   0.00074	 172.57372
167	  -0.00001	   0.00010	   0.00010	  93.51170
168	  -0.00050	  -0.00058	   0.00077	-130.56689
169	  -0.00015	  -0.00017	   0.00023	-130.12082
170	   0.00003	  -0.00019	   0.00019	 -80.10758
171	  -0.00032	  -0.00079	   0.00085	-111.90524
172	  -0.00087	   0.00095	   0.00129	 132.53339
173	  -0.00020	   0.00058	   0.00062	 108.78105
174	  -0.00040	  -0.00040	   0.00056	-134.68338
175	  -0.00077	  -0.00104	   0.00129	-126.78384
176	   0.00003	   0.00004	   0.00005	  47.75364
177	  -0.00106	  -0.00043	   0.00114	-157.73245
178	  -0.00049	  -0.00035	   0.00061	-144.62912
179	   0.00034	   0.00033	   0.00047	  44.17051
180	  -0.00058	  -0.00050	   0.00077	-139.28647
181	  -0.00027	  -0.00037	   0.00046	-126.21709
182	   0.00002	   0.00015	   0.00016	  81.48387
183	  -0.00042	  -0.00048	   0.00064	-131.55719
184	   0.00009	  -0.00002	   0.00009	 -16.03090
185	  -0.00008	  -0.00028	   0.00029	-105.05183
186	  -0.00055	  -0.00041	   0.00069	-143.53787
187	   0.00027	  -0.00102	   0.00105	 -75.30771
188	  -0.00015	  -0.00029	   0.00033	-117.58218
189	  -0.00054	  -0.00028	   0.00061	-152.84915
190	  -0.00018	  -0.00038	   0.00042	-115.87871
191	  -0.00026	   0.00038	   0.00047	 124.33295
192	  -0.00040	  -0.00035	   0.00053	-138.80225
193	   0.00002	   0.00032	   0.00032	  87.19951
194	   0.00192	  -0.00054	   0.00200	 -15.61274
195	  -0.00020	  -0.00042	   0.00047	-115.44253
196	   0.00012	   0.00033	   0.00035	  69.99921
197	   0.00018	   0.00018	   0.00026	  44.97074
198	  -0.00032	   0.00008	   0.00033	 165.99779
199	  -0.00016	  -0.00025	   0.00030	-121.85247
200	  -0.00036	   0.00020	   0.00042	 150.97873
201	  -0.00070	  -0.00065	   0.00095	-136.81561
202	   0.00110	   0.00002	   0.00110	   0.94727
203	  -0.00003	   0.00040	   0.00040	  93.93008
204	  -0.00078	   0.00035	   0.00085	 155.67169
205	   0.00041	   0.00009	   0.00042	  12.70686
206	  -0.00064	  -0.00028	   0.00069	-156.53452
207	  -0.00086	  -0.00022	   0.00089	-165.48323
208	   0.00024	  -0.00003	   0.00024	  -6.35742
209	  -0.00075	   0.00061	   0.00097	 141.17809
210	  -0.00057	  -0.00036	   0.00067	-147.59888
211	  -0.00000	   0.00007	   0.00007	  91.56380
212	   0.00008	   0.00001	   0.00008	  10.15092
213	  -0.00060	  -0.00013	   0.00062	-167.61479
214	   0.00093	  -0.00014	   0.00094	  -8.72222
215	  -0.00008	   0.00025	   0.00026	 108.09351
216	  -0.00097	   0.00047	   0.00108	 154.15002
217	   0.00012	   0.00015	   0.00019	  51.37333
218	  -0.00038	   0.00003	   0.00038	 175.31378
219	  -0.00106	   0.00021	   0.00108	 168.75897
220	   0.00087	  -0.00039	   0.00096	 -24.35487
221	  -0.00006	  -0.00001	   0.00006	-174.89758
222	  -0.00056	   0.00030	   0.00064	 152.23698
223	  -0.00017	  -0.00019	   0.00025	-131.46143
224	  -0.00003	   0.00012	   0.00012	 103.49819
225	  -0.00061	  -0.00001	   0.00061	-178.83902
226	   0.00029	  -0.00174	   0.00177	 -80.70575
227	   0.00080	   0.00001	   0.00080	   0.91782
228	  -0.00060	   0.00017	   0.00062	 163.85608
229	  -0.00016	  -0.00083	   0.00085	-100.69670
230	   0.00390	   0.00195	   0.00437	  26.56350
231	  -0.00106	   0.00005	   0.00106	 177.32111
232	  -0.00012	  -0.00022	   0.00025	-119.55170
233	  -0.00010	   0.00023	   0.00025	 112.85365
234	  -0.00060	   0.00002	   0.00060	 178.37854
235	   0.00025	   0.00011	   0.00028	  23.96194
236	   0.00027	  -0.00023	   0.00035	 -40.91196
237	  -0.00006	  -0.00085	   0.00085	 -93.93050
238	  -0.00051	  -0.00009	   0.00052	-169.76419
239	   0.00004	  -0.00017	   0.00018	 -77.87730
240	  -0.00053	   0.00007	   0.00054	 172.66415
241	   0.00107	  -0.00129	   0.00168	 -50.40345
242	   0.00001	   0.00014	   0.00014	  85.44180
243	  -0.00036	  -0.00010	   0.00037	-164.53577
244	   0.00046	  -0.00023	   0.00052	 -26.78705
245	   0.00004	  -0.00009	   0.00010	 -63.36771
246	  -0.00035	   0.00006	   0.00035	 170.46413
247	  -0.00007	   0.00165	   0.00165	  92.56987
248	  -0.00001	   0.00015	   0.00015	  92.01350
249	  -0.00075	  -0.00034	   0.00082	-155.36172
250	  -0.00003	   0.00001	   0.00004	 167.15645
251	   0.00058	   0.00091	   0.00108	  57.62379
252	  -0.00040	   0.00048	   0.00063	 129.18814
253	  -0.00039	   0.00026	   0.00047	 146.07654
254	  -0.00003	   0.00089	   0.00089	  92.01926
255	  -0.00034	   0.00035	   0.00049	 134.47363
256	  -0.00002	  -0.00001	   0.00002	-156.86208
257	  -0.00021	  -0.00219	   0.00220	 -95.44337
258	  -0.00046	  -0.00008	   0.00047	-169.87189
259	   0.00066	   0.00007	   0.00066	   6.48800
260	  -0.00123	   0.00041	   0.00130	 161.50070
261	   0.00031	   0.00020	   0.00037	  32.14540
262	   0.00009	  -0.00021	   0.00022	 -67.36791
263	  -0.00046	   0.00027	   0.00053	 149.71455
264	   0.00017	   0.00010	   0.00020	  31.26380
265	  -0.00002	  -0.00002	   0.00003	-128.25842
266	  -0.00019	   0.00025	   0.00031	 126.17194
267	  -0.00014	   0.00056	   0.00058	 104.01570
268	  -0.00005	  -0.00003	   0.00006	-148.77438
269	  -0.00020	  -0.00009	   0.00022	-156.09880
270	  -0.00021	   0.00025	   0.00033	 130.39977
271	  -0.00035	  -0.00006	   0.00035	-170.47897
272	  -0.00014	  -0.00008	   0.00016	-152.10231
273	  -0.00051	  -0.00051	   0.00072	-135.45662
274	  -0.00076	  -0.00653	   0.00657	 -96.61802
275	  -0.00081	   0.00008	   0.00081	 174.64822
276	  -0.00019	  -0.00001	   0.00019	-178.13135
277	   0.00038	  -0.00008	   0.00039	 -12.50433
278	   0.00035	  -0.00025	   0.00043	 -35.51629
279	   0.00001	   0.00037	   0.00037	  87.95874
280	  -0.00002	   0.00016	   0.00017	  96.78430
281	   0.00027	   0.00032	   0.00042	  50.07986
282	  -0.00023	   0.00003	   0.00023	 172.78961
283	   0.00009	   0.00020	   0.00022	  66.44497
284	  -0.00026	  -0.00038	   0.00047	-124.38828
285	  -0.00027	  -0.00016	   0.00031	-149.84758
286	   0.00089	  -0.00060	   0.00107	 -33.89303
287	  -0.00014	   0.00016	   0.00021	 130.77773
288	  -0.00046	  -0.00001	   0.00046	-178.36028
289	  -0.00021	  -0.00008	   0.00022	-158.30153
290	  -0.00009	   0.00030	   0.00031	 107.45213
291	  -0.00015	   0.00093	   0.00094	  99.07572
292	  -0.00013	  -0.00041	   0.00043	-107.61795
293	  -0.00091	  -0.00006	   0.00091	-176.42555
294	  -0.00013	   0.00014	   0.00019	 133.69725
295	   0.00045	   0.00063	   0.00078	  54.85572
296	   0.00021	   0.00000	   0.00021	   1.05527
297	  -0.00032	   0.00032	   0.00045	 134.96623
298	   0.00070	   0.00031	   0.00076	  24.30451
299	  -0.00017	   0.00038	   0.00041	 113.88592
300	  -0.00035	   0.00031	   0.00046	 138.39247
301	   0.00018	   0.00012	   0.00022	  33.36788
302	  -0.00106	  -0.00022	   0.00109	-168.25496
303	   0.00046	  -0.00092	   0.00103	 -63.55442
304	  -0.00011	  -0.00031	   0.00032	-109.72888
305	   0.00035	  -0.00196	   0.00199	 -79.87067
306	   0.00038	  -0.00021	   0.00043	 -28.72018
307	   0.00032	  -0.00018	   0.00037	 -28.81966
308	  -0.00050	   0.00018	   0.00053	 160.43922
309	  -0.00225	   0.00020	   0.00226	 175.01782
310	   0.00018	   0.00002	   0.00018	   6.12283
311	  -0.00007	  -0.00011	   0.00013	-119.96297
312	  -0.00032	  -0.00014	   0.00035	-156.39957
313	  -0.00068	   0.00038	   0.00078	 150.76236
314	   0.00060	  -0.00001	   0.00060	  -1.09483
315	  -0.00015	  -0.00032	   0.00035	-114.87583
316	  -0.00049	   0.00023	   0.00054	 155.47177
317	  -0.00023	   0.00029	   0.00037	 128.62386
318	  -0.00005	  -0.00047	   0.00047	 -95.69201
319	   0.00006	   0.00017	   0.00018	  69.51949
320	   0.00018	   0.00007	   0.00020	  22.13794
321	  -0.00010	   0.00037	   0.00039	 104.91043
322	  -0.00013	   0.00681	   0.00681	  91.13130
323	  -0.00008	   0.00076	   0.00077	  96.28893
324	  -0.00021	  -0.00004	   0.00021	-169.15524
325	   0.00204	  -0.00345	   0.00400	 -59.44905
326	  -0.00001	   0.00008	   0.00008	  97.90504
327	   0.00008	   0.00004	   0.00009	  29.67031
328	   0.00014	   0.00003	   0.00015	  11.60440
329	   0.00010	   0.00025	   0.00027	  68.52572
330	  -0.00164	   0.00042	   0.00169	 165.64357
331	  -0.00102	  -0.00015	   0.00103	-171.81819
332	   0.00045	  -0.00039	   0.00060	 -40.61733
333	   0.00009	   0.00020	   0.00022	  65.13045
334	   0.00005	   0.00187	   0.00187	  88.59645
335	   0.00068	  -0.00007	   0.00069	  -6.05510
336	  -0.00016	  -0.00001	   0.00016	-177.68468
337	   0.00051	   0.00051	   0.00072	  45.15157
338	   0.00002	  -0.00007	   0.00007	 -77.13339
339	  -0.00087	   0.00092	   0.00127	 133.30652
340	  -0.00051	   0.00013	   0.00053	 165.77806
341	  -0.00005	   0.00132	   0.00132	  91.98827
342	   0.00001	   0.00019	   0.00019	  86.15300
343	   0.00035	   0.00112	   0.00117	  72.55627
344	  -0.00056	   0.00031	   0.00064	 151.09593
345	  -0.00089	  -0.00231	   0.00248	-111.14248
346	   0.00033	   0.00048	   0.00058	  55.07240
347	   0.00005	  -0.00020	   0.00021	 -75.12244
348	  -0.00549	   0.00089	   0.00556	 170.80037
349	  -0.00037	   0.00026	   0.00046	 144.76602
350	   0.00117	  -0.00013	   0.00117	  -6.43980
351	  -0.00064	   0.00078	   0.00101	 129.42188
352	   0.00079	  -0.00134	   0.00156	 -59.65823
353	  -0.00137	   0.00102	   0.00171	 143.35056
354	   0.00003	  -0.00005	   0.00006	 -62.67574
355	  -0.00131	   0.00437	   0.00456	 106.63474
356	  -0.00039	   0.00083	   0.00092	 115.38603
357	   0.00039	   0.00109	   0.00116	  70.43081
358	  -0.00014	  -0.00001	   0.00014	-175.22050
359	  -0.00038	  -0.00011	   0.00040	-164.17223
360	   0.00085	   0.00010	   0.00086	   6.42346
361	  -0.00003	   0.00014	   0.00014	 102.03914
362	   0.00027	   0.00035	   0.00044	  52.14606
363	  -0.00000	   0.00035	   0.00035	  90.09071
364	  -0.00061	  -0.00063	   0.00088	-133.83167
365	   0.00180	   0.00773	   0.00793	  76.85273
366	   0.00009	   0.00017	   0.00019	  61.85384
367	   0.00035	  -0.00123	   0.00128	 -74.21185
368	   0.00166	  -0.00087	   0.00188	 -27.75335
369	  -0.00131	  -0.00025	   0.00133	-169.37744
370	  -0.00117	  -0.00173	   0.00209	-124.00974
371	   0.00048	  -0.00062	   0.00078	 -52.53506
372	  -0.00066	   0.00008	   0.00066	 173.01556
373	   0.00007	   0.00007	   0.00010	  41.50293
374	   0.00054	   0.00045	   0.00071	  39.56408
375	  -0.00319	   0.00970	   0.01021	 108.21902
376	   0.00277	  -0.00184	   0.00333	 -33.58736
377	  -0.00023	  -0.00041	   0.00047	-119.52447
378	   0.00004	   0.00050	   0.00050	  85.07202
379	   0.01086	   0.00347	   0.01140	  17.72995
380	   0.00028	   0.00042	   0.00051	  56.05882
381	  -0.00034	  -0.00070	   0.00078	-115.75207
382	  -0.00088	  -0.00072	   0.00114	-141.03798
383	  -0.00317	   0.00055	   0.00322	 170.20171
384	  -0.00007	   0.00049	   0.00050	  97.76604
385	  -0.00027	  -0.00015	   0.00031	-150.30328
386	  -0.00046	  -0.00054	   0.00071	-130.40843
387	   0.00025	  -0.00025	   0.00036	 -44.51485
388	  -0.00010	   0.00049	   0.00050	 101.28372
389	  -0.00208	   0.00361	   0.00417	 119.90949
390	  -0.00143	  -0.00035	   0.00147	-166.14203
391	   0.00272	  -0.00292	   0.00399	 -46.99401
392	   0.00072	  -0.00116	   0.00137	 -58.30130
393	  -0.00029	   0.00024	   0.00038	 140.29771
394	  -0.00026	   0.00058	   0.00063	 114.27298
395	  -0.00018	  -0.00056	   0.00059	-108.00304
396	   0.00014	  -0.00006	   0.00015	 -24.16166
397	  -0.00002	   0.00028	   0.00028	  93.64579
398	   0.00061	  -0.00053	   0.00081	 -41.24884
399	  -0.00006	  -0.00018	   0.00019	-107.71290
400	  -0.00238	   0.00150	   0.00281	 147.75479
401	  -0.00169	   0.00031	   0.00172	 169.68190
402	  -0.00155	   0.00517	   0.00540	 106.65393
403	   0.00015	   0.00040	   0.00043	  69.52235
404	  -0.00000	   0.00004	   0.00004	  93.90027
405	  -0.00159	   0.00126	   0.00203	 141.50754
406	  -0.00031	   0.00058	   0.00066	 117.85149
407	  -0.00023	   0.00216	   0.00217	  96.14246
408	   0.00087	   0.00156	   0.00179	  60.89767
409	  -0.01361	  -0.01109	   0.01755	-140.81612
410	   0.00221	  -0.00114	   0.00248	 -27.27227
411	   0.00214	   0.00122	   0.00247	  29.78483
412	   0.00062	  -0.00103	   0.00120	 -58.82726
413	  -0.00026	  -0.00056	   0.00062	-115.14678
414	  -0.00054	   0.00109	   0.00121	 116.36658
415	   0.00008	   0.00002	   0.00008	  12.60457
416	  -0.00051	  -0.00785	   0.00786	 -93.72720
417	   0.00003	  -0.00044	   0.00044	 -86.16101
418	   0.00037	  -0.00414	   0.00416	 -84.84846
419	  -0.00039	   0.00021	   0.00044	 151.28981
420	  -0.00029	   0.00088	   0.00092	 108.45419
421	   0.00078	  -0.00108	   0.00133	 -54.41122
422	  -0.00059	  -0.00074	   0.00095	-128.87987
423	  -0.00006	  -0.00032	   0.00033	 -99.83336
424	  -0.00611	  -0.00410	   0.00736	-146.13936
425	  -0.00086	  -0.00153	   0.00175	-119.38216
426	  -0.00045	  -0.00053	   0.00069	-130.72800
427	   0.00048	   0.00045	   0.00066	  43.28040
428	   0.00077	   0.00001	   0.00077	   0.96950
429	   0.00267	  -0.00016	   0.00267	  -3.46644
430	  -0.00026	  -0.00073	   0.00078	-109.73436
431	  -0.00011	  -0.00031	   0.00033	-108.85552
432	   0.00024	   0.00051	   0.00056	  65.16466
433	   0.00073	   0.00039	   0.00082	  28.34011
434	  -0.00032	   0.00091	   0.00097	 109.59759
435	   0.00273	  -0.00294	   0.00401	 -47.19554
436	   0.00160	  -0.00048	   0.00167	 -16.70459
437	  -0.00022	  -0.00129	   0.00131	 -99.72909
438	   0.00043	   0.00049	   0.00065	  48.77133
439	   0.00025	   0.00047	   0.00053	  61.50100
440	   0.00485	  -0.00508	   0.00702	 -46.28596
441	  -0.00085	   0.00165	   0.00186	 117.15682
442	   0.00058	  -0.00003	   0.00058	  -2.59337
443	   0.00071	   0.00128	   0.00147	  60.88253
444	  -0.00006	   0.00009	   0.00010	 123.29372
445	   0.00051	   0.00041	   0.00066	  38.78072
446	   0.00014	  -0.00109	   0.00110	 -82.84738
447	  -0.00023	   0.00009	   0.00025	 158.82214
448	   0.01660	  -0.00201	   0.01672	  -6.91052
449	   0.00045	  -0.00005	   0.00045	  -6.24439
450	   0.00042	  -0.00057	   0.00071	 -53.41042
451	   0.00045	   0.00021	   0.00050	  24.62796
452	  -0.00063	  -0.00011	   0.00064	-170.54294
453	   0.00088	   0.00022	   0.00091	  14.04488
454	  -0.00115	  -0.00092	   0.00147	-141.23563
455	   0.00003	  -0.00182	   0.00182	 -89.19518
456	   0.00009	   0.00015	   0.00017	  59.17343
457	   0.00073	  -0.00155	   0.00171	 -64.87748
458	  -0.00025	   0.00021	   0.00032	 139.50980
459	  -0.00009	  -0.00053	   0.00053	 -99.47874
460	  -0.00143	  -0.00042	   0.00149	-163.63527
461	  -0.00005	  -0.00047	   0.00047	 -96.40389
462	  -0.00031	  -0.00017	   0.00035	-151.58760
463	   0.00031	   0.00122	   0.00126	  75.60629
464	  -0.00236	  -0.00025	   0.00237	-173.83047
465	   0.00016	  -0.00015	   0.00022	 -44.25031
466	   0.00253	  -0.00062	   0.00260	 -13.86273
467	  -0.00121	   0.00049	   0.00130	 158.09703
468	  -0.00026	   0.00037	   0.00045	 125.73849
469	  -0.00041	  -0.00014	   0.00044	-161.08257
470	  -0.00055	  -0.00001	   0.00055	-179.19040
471	  -0.00326	  -0.02260	   0.02283	 -98.19678
472	   0.00023	  -0.00013	   0.00027	 -28.55877
473	  -0.00035	   0.00093	   0.00100	 110.51465
474	   0.00267	  -0.00012	   0.00268	  -2.62353
475	  -0.00027	   0.00030	   0.00040	 131.72391
476	  -0.00054	   0.00173	   0.00182	 107.26264
477	  -0.00065	  -0.00050	   0.00082	-142.49509
478	  -0.00018	   0.00021	   0.00028	 130.95262
479	  -0.00081	   0.00018	   0.00083	 167.46262
480	  -0.00051	  -0.00011	   0.00052	-167.75581
481	   0.00082	  -0.00103	   0.00132	 -51.44070
482	  -0.00004	  -0.00001	   0.00004	-167.61360
483	  -0.00181	   0.00476	   0.00509	 110.78873
484	   0.00035	   0.00045	   0.00058	  52.06287
485	  -0.00059	  -0.00065	   0.00087	-132.34120
486	   0.00208	   0.00273	   0.00343	  52.71915
487	  -0.00104	   0.00009	   0.00105	 175.18689
488	  -0.00019	  -0.00017	   0.00025	-137.72305
489	   0.00012	  -0.00014	   0.00018	 -51.11314
490	  -0.00082	   0.00051	   0.00097	 148.04323
491	   0.00007	   0.00056	   0.00056	  83.23749
492	  -0.00034	   0.00020	   0.00039	 149.63734
493	  -0.00018	   0.00050	   0.00053	 110.01266
494	   0.00189	   0.00117	   0.00223	  31.74879
495	   0.00062	   0.00080	   0.00101	  51.99979
496	  -0.00057	  -0.00017	   0.00059	-163.64543
497	   0.00018	   0.00045	   0.00048	  67.92058
498	  -0.00009	   0.00031	   0.00032	 105.74847
499	   0.00064	  -0.00147	   0.00161	 -66.41017
500	  -0.00140	  -0.00204	   0.00248	-124.31474
501	   0.00086	   0.00026	   0.00090	  16.89784
502	  -0.00016	  -0.00113	   0.00114	 -98.30366
503	  -0.00030	   0.00039	   0.00049	 128.21460
504	  -0.00009	  -0.00043	   0.00044	-101.87091
505	   0.00031	  -0.00002	   0.00031	  -4.24489
506	  -0.00577	  -0.00431	   0.00720	-143.25906
507	  -0.00039	   0.00119	   0.00126	 107.99418
508	   0.00103	   0.00163	   0.00193	  57.65902
509	   0.00212	   0.00198	   0.00290	  43.00274
510	   0.00135	   0.00332	   0.00358	  67.93712
511	   0.00107	  -0.00086	   0.00137	 -38.88696
512	   0.00079	  -0.00089	   0.00119	 -48.56681
513	  -0.00039	   0.00051	   0.00064	 127.49227
514	  -0.00021	  -0.00214	   0.00216	 -95.63140
515	   0.00149	  -0.00114	   0.00188	 -37.28452
516	   0.00103	  -0.00007	   0.00104	  -4.04654
517	   0.00021	  -0.00027	   0.00034	 -52.63118
518	  -0.00008	  -0.00002	   0.00008	-166.29222
519	   0.00003	   0.00005	   0.00006	  57.14458
520	  -0.00120	   0.00169	   0.00207	 125.38956
521	  -0.00021	  -0.00044	   0.00049	-115.43836
522	   0.00274	   0.00763	   0.00811	  70.20454
523	   0.00025	   0.00044	   0.00050	  60.86235
524	   0.00001	  -0.00040	   0.00040	 -88.07513
525	   0.00055	   0.00009	   0.00056	   9.43929
526	   0.00005	   0.00075	   0.00075	  85.91203
527	  -0.00074	   0.00121	   0.00142	 121.45061
528	  -0.00038	   0.00007	   0.00039	 169.18382
529	  -0.00031	  -0.00078	   0.00084	-111.29926
530	   0.00064	   0.00001	   0.00064	   1.18040
531	  -0.00097	   0.00029	   0.00101	 163.26474
532	   0.00075	  -0.00183	   0.00198	 -67.62296
533	  -0.00036	  -0.00067	   0.00076	-118.21044
534	  -0.00005	   0.00036	   0.00037	  97.95857
535	  -0.00068	  -0.00015	   0.00070	-167.85039
536	  -0.00023	  -0.00011	   0.00026	-154.73811
537	   0.00036	   0.00074	   0.00082	  64.25031
538	   0.00051	   0.00059	   0.00078	  49.23685
539	  -0.00131	  -0.00455	   0.00474	-106.08499
540	   0.00027	  -0.00010	   0.00029	 -20.22137
541	   0.00370	   0.00817	   0.00897	  65.65453
542	  -0.00036	  -0.00043	   0.00057	-129.91121
543	   0.00020	   0.00014	   0.00025	  35.36004
544	   0.00084	   0.00005	   0.00084	   3.49971
545	  -0.00181	  -0.00105	   0.00209	-149.90173
546	   0.00126	  -0.00093	   0.00156	 -36.36525
547	   0.00071	  -0.00175	   0.00188	 -67.99014
548	  -0.00089	   0.00025	   0.00092	 164.23207
549	  -0.00528	  -0.00148	   0.00548	-164.32828
550	  -0.00020	   0.00092	   0.00094	 102.38746
551	   0.00048	   0.00040	   0.00063	  39.83335
552	  -0.00068	   0.00083	   0.00107	 129.00145
553	  -0.00012	   0.00060	   0.00062	 101.43987
554	   0.00056	  -0.00047	   0.00073	 -39.55317
555	  -0.00267	   0.00370	   0.00456	 125.76473
556	  -0.00076	  -0.00084	   0.00113	-131.91222
557	  -0.00054	   0.00042	   0.00068	 142.31186
558	   0.00179	   0.00030	   0.00181	   9.53983
559	  -0.00036	  -0.00102	   0.00108	-109.17626
560	   0.00105	   0.00044	   0.00114	  22.94872
561	   0.00035	  -0.00025	   0.00044	 -35.60226
562	  -0.00577	   0.00444	   0.00728	 142.46242
563	   0.00081	   0.00009	   0.00081	   6.31508
564	   0.00030	  -0.00040	   0.00050	 -52.97858
565	   0.00079	   0.00170	   0.00187	  65.13419
566	  -0.00427	   0.00564	   0.00708	 127.15661
567	  -0.00051	   0.00075	   0.00091	 124.42619
568	   0.00045	  -0.00109	   0.00118	 -67.31057
569	   0.00056	  -0.00023	   0.00061	 -22.69875
570	   0.00078	   0.00065	   0.00101	  39.68218
571	  -0.00147	   0.00001	   0.00147	 179.43939
572	   0.00784	   0.00279	   0.00832	  19.59852
573	   0.00264	  -0.00061	   0.00271	 -13.00192
574	  -0.01109	   0.00634	   0.01277	 150.26244
575	  -0.00667	  -0.00109	   0.00676	-170.74365
576	  -0.00012	   0.00044	   0.00045	 105.17998
577	  -0.00005	  -0.00027	   0.00027	 -99.94096
578	  -0.00098	   0.00236	   0.00256	 112.51966
579	   0.00147	   0.00027	   0.00150	  10.25673
580	  -0.00181	   0.00090	   0.00202	 153.56781
581	  -0.00048	   0.00008	   0.00049	 170.43721
582	   0.00021	  -0.00031	   0.00038	 -56.63792
583	  -0.00000	  -0.00139	   0.00139	 -90.04391
584	  -0.00068	  -0.00009	   0.00068	-172.68530
585	   0.00032	  -0.00060	   0.00068	 -62.07192
586	   0.00202	  -0.00008	   0.00202	  -2.16611
587	   0.00408	  -0.00036	   0.00410	  -5.06321
588	   0.00061	  -0.00017	   0.00063	 -15.31592
589	   0.00017	  -0.00047	   0.00050	 -70.09255
590	   0.00006	   0.00014	   0.00016	  67.54252
591	   0.00099	   0.00025	   0.00102	  13.96636
592	  -0.00017	   0.00028	   0.00032	 121.81425
593	  -0.00028	   0.00050	   0.00057	 119.84040
594	  -0.00087	   0.00045	   0.00098	 152.73634
595	  -0.00003	   0.00034	   0.00034	  94.39630
596	   0.00553	   0.00197	   0.00587	  19.62141
597	   0.00094	  -0.00336	   0.00349	 -74.29730
598	   0.00061	  -0.00099	   0.00116	 -58.35692
599	   0.00107	   0.00042	   0.00115	  21.31905
600	   0.00453	  -0.00226	   0.00507	 -26.53754
601	  -0.00029	  -0.00059	   0.00066	-116.48064
602	   0.00006	   0.00004	   0.00007	  30.94300
603	  -0.00023	   0.00011	   0.00026	 153.99014
604	  -0.00116	  -0.00237	   0.00264	-116.02280
605	   0.00114	  -0.00191	   0.00223	 -59.27723
606	  -0.00651	  -0.00210	   0.00684	-162.14915
607	  -0.00102	   0.00037	   0.00109	 160.03629
608	  -0.00038	   0.00007	   0.00039	 170.32753
609	  -0.00006	   0.00001	   0.00006	 173.49910
610	   0.00243	   0.00161	   0.00291	  33.59257
611	  -0.00004	  -0.00145	   0.00146	 -91.75627
612	  -0.00072	  -0.00009	   0.00072	-172.68362
613	   0.00009	   0.00022	   0.00024	  67.04191
614	   0.00070	   0.00017	   0.00072	  13.60363
615	  -0.00026	   0.00044	   0.00051	 120.40006
616	  -0.00277	   0.00110	   0.00298	 158.30415
617	   0.00006	  -0.00046	   0.00047	 -82.67085
618	  -0.00012	  -0.00062	   0.00063	-100.72402
619	  -0.00047	  -0.00171	   0.00177	-105.43710
620	   0.00032	  -0.00057	   0.00065	 -60.23217
621	  -0.00144	   0.00134	   0.00196	 137.02373
622	   0.00015	  -0.00137	   0.00137	 -83.81181
623	  -0.00088	  -0.00261	   0.00276	-108.59987
624	  -0.00023	   0.00031	   0.00038	 126.58914
625	  -0.00174	  -0.00131	   0.00218	-142.92538
626	   0.00009	   0.00022	   0.00024	  68.65786
627	   0.00056	  -0.00251	   0.00258	 -77.46582
628	   0.00011	   0.00001	   0.00011	   3.41480
629	  -0.00122	   0.00137	   0.00184	 131.67964
630	   0.00023	  -0.00027	   0.00035	 -49.49883
631	  -0.00446	  -0.00174	   0.00479	-158.62683
632	  -0.00123	   0.00104	   0.00161	 139.87915
633	  -0.00013	  -0.00075	   0.00077	-100.11063
634	   0.00073	   0.00051	   0.00089	  34.88843
635	  -0.00077	  -0.00206	   0.00220	-110.59538
636	   0.00137	   0.00064	   0.00151	  25.09682
637	   0.00641	  -0.00378	   0.00744	 -30.50478
638	  -0.00037	  -0.00013	   0.00039	-159.95670
639	  -0.00067	   0.00121	   0.00138	 118.94808
640	  -0.00018	   0.00006	   0.00019	 162.78825
641	   0.00062	  -0.00051	   0.00080	 -39.09754
642	   0.00035	  -0.00225	   0.00228	 -81.26696
643	   0.00145	  -0.00070	   0.00161	 -25.91996
644	  -0.00115	  -0.00220	   0.00248	-117.56011
645	   0.00022	   0.00079	   0.00082	  74.30545
646	  -0.00124	   0.00020	   0.00126	 170.73186
647	   0.00594	  -0.00100	   0.00603	  -9.57073
648	  -0.00052	   0.00054	   0.00075	 134.31348
649	   0.00027	  -0.00118	   0.00121	 -77.23296
650	   0.00060	   0.00024	   0.00065	  21.71526
651	   0.00048	  -0.00024	   0.00054	 -26.39573
652	  -0.00092	  -0.00175	   0.00198	-117.61425
653	   0.00179	   0.00060	   0.00189	  18.61686
654	   0.00137	   0.00172	   0.00220	  51.34442
655	   0.00171	   0.00000	   0.00171	   0.16082
656	   0.00048	   0.00021	   0.00053	  23.90382
657	   0.00040	   0.00282	   0.00285	  81.89388
658	  -0.00052	   0.00041	   0.00066	 142.13098
659	  -0.00058	  -0.00060	   0.00083	-134.04431
660	   0.00082	  -0.00030	   0.00087	 -19.92954
661	  -0.00002	  -0.00041	   0.00041	 -92.35534
662	   0.00017	   0.00056	   0.00059	  73.06460
663	   0.00083	   0.00031	   0.00088	  20.19005
664	   0.00025	  -0.00017	   0.00030	 -34.69985
665	  -0.00014	  -0.00011	   0.00018	-141.83975
666	   0.00021	  -0.00000	   0.00021	  -0.27205
667	  -0.00152	   0.00004	   0.00152	 178.35367
668	  -0.00097	   0.00036	   0.00104	 159.70396
669	  -0.00007	   0.00157	   0.00157	  92.64841
670	  -0.00083	   0.00099	   0.00129	 129.83264
671	  -0.00073	   0.00036	   0.00082	 153.86662
672	   0.00010	   0.00028	   0.00030	  69.93890
673	   0.00498	   0.00143	   0.00518	  16.04815
674	  -0.00075	  -0.00160	   0.00177	-115.04701
675	  -0.00033	   0.00129	   0.00133	 104.52838
676	  -0.00502	  -0.00141	   0.00522	-164.27806
677	   0.00098	  -0.00025	   0.00101	 -14.20317
678	   0.00006	   0.00018	   0.00019	  71.60435
679	   0.00029	   0.00007	   0.00030	  14.62681
680	   0.00145	   0.00023	   0.00147	   8.83929
681	   0.00108	  -0.00176	   0.00206	 -58.49078
682	  -0.02880	  -0.02084	   0.03555	-144.11320
683	  -0.00074	  -0.00115	   0.00137	-122.62434
684	  -0.00029	   0.00009	   0.00030	 162.98695
685	  -0.00049	  -0.00151	   0.00159	-107.87419
686	   0.00064	   0.00005	   0.00064	   4.58971
687	   0.00313	   0.00041	   0.00316	   7.54616
688	   0.00275	  -0.00368	   0.00460	 -53.20332
689	   0.00354	  -0.00667	   0.00755	 -62.06161
690	  -0.00019	  -0.00150	   0.00151	 -97.33463
691	  -0.00230	  -0.00067	   0.00239	-163.84500
692	  -0.00094	   0.00181	   0.00204	 117.48477
693	   0.00023	  -0.00075	   0.00078	 -72.68153
694	  -0.00415	  -0.00236	   0.00478	-150.35942
695	   0.00112	   0.00166	   0.00200	  56.00360
696	   0.00105	  -0.00400	   0.00414	 -75.32246
697	  -0.00111	  -0.00078	   0.00136	-145.10022
698	  -0.00001	  -0.00139	   0.00139	 -90.26221
699	   0.00025	   0.00148	   0.00150	  80.50612
700	  -0.00220	   0.00195	   0.00294	 138.41408
701	   0.00021	   0.00395	   0.00396	  86.92529
702	  -0.00162	   0.00005	   0.00162	 178.06067
703	  -0.00175	  -0.00344	   0.00386	-116.92015
704	  -0.00035	  -0.00098	   0.00104	-109.75925
705	   0.00117	   0.00152	   0.00192	  52.53005
706	   0.00026	  -0.00046	   0.00053	 -60.67150
707	   0.00065	  -0.00130	   0.00146	 -63.25048
708	  -0.00054	  -0.00210	   0.00217	-104.50121
709	   0.00072	   0.00059	   0.00093	  39.68206
710	  -0.00136	  -0.00014	   0.00137	-174.19044
711	   0.00093	  -0.00033	   0.00099	 -19.21901
712	  -0.00472	  -0.00276	   0.00547	-149.68774
713	   0.00212	   0.00168	   0.00270	  38.37349
714	   0.00143	  -0.00114	   0.00183	 -38.54731
715	  -0.00043	   0.00004	   0.00043	 174.26118
716	   0.00198	  -0.00029	   0.00201	  -8.39367
717	   0.00073	  -0.00139	   0.00157	 -62.28650
718	   0.00064	   0.00120	   0.00136	  61.70594
719	   0.00069	   0.00060	   0.00092	  41.24924
720	   0.00031	  -0.00027	   0.00041	 -40.18684
721	  -0.00102	   0.00003	   0.00102	 178.14745
722	   0.00067	   0.00185	   0.00197	  70.10206
723	   0.00095	  -0.00033	   0.00100	 -18.96582
724	  -0.00717	   0.00225	   0.00751	 162.60803
725	  -0.00079	  -0.00216	   0.00230	-110.09879
726	   0.00087	   0.00269	   0.00283	  72.16177
727	  -0.00043	  -0.00151	   0.00157	-105.72579
728	  -0.00169	  -0.00071	   0.00183	-157.20747
729	   0.00075	   0.00116	   0.00139	  57.09262
730	   0.00126	   0.00115	   0.00171	  42.43726
731	   0.00215	  -0.00007	   0.00215	  -1.80175
732	   0.00003	   0.00037	   0.00037	  85.76852
733	  -0.00118	   0.00056	   0.00131	 154.51779
734	   0.00024	  -0.00073	   0.00077	 -72.11441
735	  -0.00109	   0.00289	   0.00309	 110.57447
736	   0.00094	  -0.00310	   0.00323	 -73.12168
737	  -0.00084	   0.00557	   0.00564	  98.59389
738	  -0.00025	  -0.00001	   0.00025	-177.43201
739	   0.00198	  -0.00479	   0.00519	 -67.52258
740	   0.00016	  -0.00016	   0.00022	 -45.92231
741	   0.00233	   0.00056	   0.00240	  13.52304
742	  -0.00057	   0.00089	   0.00106	 122.68661
743	  -0.00094	   0.00049	   0.00106	 152.66031
744	  -0.00099	  -0.01297	   0.01301	 -94.34953
745	   0.00140	  -0.00053	   0.00149	 -20.63275
746	  -0.00426	  -0.00072	   0.00432	-170.36153
747	   0.00312	   0.00102	   0.00328	  18.02358
748	  -0.00003	   0.00004	   0.00005	 130.94644
749	  -0.00163	   0.00200	   0.00258	 129.16072
750	   0.00039	  -0.00100	   0.00107	 -68.54541
751	  -0.00173	  -0.00322	   0.00365	-118.27232
752	  -0.00048	  -0.00291	   0.00295	 -99.31786
753	  -0.01380	   0.00323	   0.01417	 166.82187
754	   0.00039	   0.00038	   0.00055	  43.98560
755	  -0.00706	  -0.00067	   0.00709	-174.59804
756	   0.00135	  -0.00027	   0.00137	 -11.27367
757	  -0.00018	   0.00429	   0.00429	  92.39590
758	  -0.00457	   0.00276	   0.00534	 148.87520
759	  -0.00057	  -0.00115	   0.00128	-116.45889
760	   0.00110	   0.00267	   0.00288	  67.61080
761	  -0.00066	  -0.00099	   0.00119	-123.79703
762	  -0.00064	   0.00212	   0.00221	 106.84119
763	  -0.00087	   0.00109	   0.00139	 128.51031
764	  -0.00267	   0.00433	   0.00509	 121.65862
765	  -0.00527	  -0.00162	   0.00551	-162.94046
766	   0.00144	  -0.00012	   0.00145	  -4.57416
767	   0.00101	   0.00385	   0.00398	  75.33615
768	  -0.00046	  -0.00086	   0.00097	-118.26008
769	  -0.00089	  -0.00065	   0.00110	-143.78957
770	  -0.00078	  -0.00123	   0.00146	-122.58835
771	   0.00262	  -0.00354	   0.00440	 -53.52976
772	   0.00065	  -0.00105	   0.00123	 -58.42062
773	  -0.01238	  -0.01024	   0.01606	-140.39119
774	   0.00168	   0.00133	   0.00215	  38.44716
775	   0.00040	   0.00083	   0.00092	  64.54078
776	  -0.00004	   0.00070	   0.00070	  93.03228
777	  -0.00086	  -0.00056	   0.00103	-146.86429
778	   0.00137	   0.00116	   0.00180	  40.32350
779	  -0.00041	   0.01061	   0.01062	  92.20123
780	   0.00037	   0.00256	   0.00259	  81.80368
781	  -0.00037	  -0.00062	   0.00072	-120.66121
782	  -0.00383	   0.00385	   0.00543	 134.86931
783	  -0.00086	  -0.00088	   0.00123	-134.29059
784	   0.00012	  -0.00157	   0.00158	 -85.66820
785	  -0.00043	  -0.00035	   0.00055	-140.33392
786	  -0.00095	  -0.00081	   0.00125	-139.71848
787	  -0.00057	   0.00092	   0.00108	 121.84544
788	  -0.00280	  -0.01726	   0.01749	 -99.20007
789	   0.00189	  -0.00132	   0.00230	 -34.91452
790	  -0.00127	   0.00104	   0.00164	 140.75237
791	   0.00137	  -0.00246	   0.00281	 -60.77271
792	   0.00034	  -0.00045	   0.00057	 -52.84249
793	   0.00151	   0.00148	   0.00211	  44.49922
794	  -0.00074	  -0.00154	   0.00171	-115.62012
795	  -0.00023	   0.00028	   0.00036	 129.94104
796	  -0.00123	  -0.00118	   0.00170	-136.09724
797	   0.00063	   0.00247	   0.00255	  75.79746
798	   0.00258	   0.01283	   0.01309	  78.62522
799	  -0.00125	   0.00113	   0.00168	 138.03133
800	  -0.00004	  -0.00152	   0.00152	 -91.60667
801	   0.00172	  -0.00359	   0.00398	 -64.42941
802	  -0.00346	  -0.00131	   0.00370	-159.20691
803	   0.00080	   0.00057	   0.00098	  35.26305
804	  -0.00189	  -0.00033	   0.00192	-170.17365
805	  -0.00465	  -0.00236	   0.00521	-153.09894
806	   0.00060	   0.00079	   0.00099	  52.48527
807	  -0.00081	  -0.00061	   0.00101	-142.98259
808	   0.00426	  -0.00134	   0.00446	 -17.42184
809	  -0.00154	  -0.00052	   0.00163	-161.38405
810	  -0.00046	  -0.00513	   0.00515	 -95.09447
811	  -0.00082	   0.00121	   0.00146	 123.97613
812	  -0.00009	  -0.00474	   0.00474	 -91.09185
813	   0.00005	  -0.00009	   0.00010	 -63.08530
814	  -0.00006	  -0.00013	   0.00014	-114.65713
815	  -0.00272	  -0.00149	   0.00310	-151.28394
816	   0.00019	  -0.00211	   0.00212	 -84.81495
817	   0.00046	   0.00010	   0.00047	  11.79934
818	   0.01779	  -0.01138	   0.02112	 -32.60550
819	  -0.00031	  -0.00175	   0.00178	 -99.90166
820	   0.00065	   0.00155	   0.00168	  67.15694
821	   0.00161	   0.00077	   0.00179	  25.61692
822	  -0.00067	  -0.00021	   0.00070	-162.59932
823	   0.00199	  -0.00409	   0.00455	 -64.04044
824	  -0.00117	  -0.00083	   0.00143	-144.51492
825	   0.00025	  -0.00288	   0.00289	 -84.96925
826	  -0.00002	  -0.00129	   0.00129	 -91.08828
827	   0.00074	   0.00202	   0.00215	  69.88529
828	  -0.00287	  -0.00104	   0.00305	-160.11217
829	  -0.00057	  -0.00037	   0.00069	-146.87537
830	  -0.00010	  -0.00205	   0.00205	 -92.78476
831	  -0.02177	  -0.00194	   0.02186	-174.89851
832	  -0.00086	  -0.00179	   0.00198	-115.77165
833	   0.00163	   0.00104	   0.00193	  32.63033
834	  -0.00054	   0.00134	   0.00144	 111.86356
835	  -0.00100	  -0.00241	   0.00261	-112.59634
836	   0.00123	  -0.00259	   0.00287	 -64.59608
837	   0.00008	  -0.00201	   0.00201	 -87.76312
838	  -0.00078	  -0.00153	   0.00172	-116.87796
839	   0.00137	   0.00098	   0.00169	  35.65181
840	   0.00017	  -0.00145	   0.00146	 -83.49966
841	   0.00132	   0.00041	   0.00138	  17.36506
842	  -0.00017	   0.00101	   0.00102	  99.54164
843	  -0.00238	  -0.00467	   0.00524	-116.99115
844	   0.00106	   0.00077	   0.00131	  36.00065
845	   0.00028	   0.00026	   0.00039	  43.19443
846	  -0.00134	  -0.00102	   0.00168	-142.78900
847	  -0.00210	   0.00451	   0.00498	 114.98342
848	  -0.00043	   0.00061	   0.00075	 125.37232
849	  -0.00147	  -0.00072	   0.00163	-153.93066
850	   0.00066	   0.00033	   0.00073	  26.46152
851	   0.00087	  -0.00001	   0.00087	  -0.60684
852	  -0.00329	   0.00109	   0.00346	 161.71992
853	  -0.00171	   0.00082	   0.00190	 154.31163
854	   0.00094	   0.00039	   0.00102	  22.30209
855	  -0.00209	  -0.00060	   0.00218	-164.03394
856	  -0.00039	  -0.00036	   0.00053	-137.65425
857	   0.00091	  -0.00189	   0.00210	 -64.38566
858	   0.00419	   0.00293	   0.00511	  34.92311
859	   0.00194	  -0.00105	   0.00221	 -28.38693
860	  -0.00074	   0.00013	   0.00075	 170.11064
861	   0.00034	  -0.00006	   0.00035	 -10.65887
862	  -0.00019	  -0.00006	   0.00020	-161.97128
863	  -0.00233	   0.00101	   0.00254	 156.46613
864	   0.00063	   0.00004	   0.00063	   3.67318
865	  -0.00108	  -0.00119	   0.00161	-132.02249
866	   0.00043	   0.00184	   0.00189	  76.76463
867	  -0.00171	   0.00059	   0.00181	 161.00221
868	   0.00219	  -0.00040	   0.00223	 -10.29172
869	  -0.00143	   0.00116	   0.00184	 140.95326
870	  -0.00087	   0.00265	   0.00279	 108.08111
871	   0.00260	  -0.00085	   0.00274	 -18.15602
872	  -0.00065	   0.00101	   0.00120	 122.57938
873	  -0.00057	   0.00101	   0.00116	 119.70529
874	   0.00071	  -0.00138	   0.00155	 -62.73817
875	  -0.00554	  -0.00017	   0.00554	-178.21504
876	  -0.00124	   0.00182	   0.00220	 124.11728
877	   0.00128	  -0.00075	   0.00149	 -30.19953
878	   0.00016	   0.00074	   0.00076	  77.61697
879	  -0.00080	  -0.00040	   0.00090	-153.59056
880	  -0.00066	   0.00208	   0.00218	 107.61207
881	   0.00015	   0.00121	   0.00122	  82.86035
882	   0.00110	  -0.00472	   0.00484	 -76.84975
883	   0.00015	   0.00017	   0.00023	  48.71817
884	  -0.00037	   0.00188	   0.00192	 101.06551
885	  -0.00189	  -0.00058	   0.00197	-162.97881
886	  -0.00637	  -0.00085	   0.00642	-172.39377
887	   0.00122	  -0.00025	   0.00125	 -11.69296
888	   0.00048	  -0.00043	   0.00065	 -41.80065
889	  -0.00013	  -0.00140	   0.00140	 -95.25285
890	  -0.00252	  -0.00040	   0.00255	-171.02267
891	   0.00030	   0.00114	   0.00118	  75.21024
892	  -0.00176	   0.00032	   0.00179	 169.55626
893	  -0.00252	  -0.00317	   0.00405	-128.42393
894	   0.00013	   0.00063	   0.00064	  78.51702
895	   0.00177	  -0.00138	   0.00224	 -37.99317
896	  -0.01910	  -0.00689	   0.02031	-160.16849
897	   0.00134	   0.00248	   0.00282	  61.55138
898	  -0.00034	   0.00090	   0.00096	 110.43421
899	  -0.00035	  -0.00000	   0.00035	-179.29561
900	   0.00156	  -0.00019	   0.00157	  -6.93688
901	  -0.00005	  -0.00393	   0.00393	 -90.76975
902	   0.00032	   0.00119	   0.00123	  75.00723
903	   0.00053	  -0.00004	   0.00053	  -3.91116
904	   0.00070	   0.00074	   0.00102	  46.23277
905	   0.00034	  -0.00146	   0.00150	 -76.88483
906	   0.00035	  -0.00645	   0.00646	 -86.89490
907	  -0.00151	   0.00122	   0.00194	 141.04082
908	  -0.00005	  -0.00397	   0.00397	 -90.68340
909	  -0.00074	   0.00080	   0.00109	 133.06967
910	   0.00145	   0.00020	   0.00147	   7.67753
911	  -0.00128	   0.00133	   0.00185	 133.92351
912	  -0.00129	   0.00021	   0.00131	 170.92157
913	   0.00099	   0.00332	   0.00346	  73.35284
914	  -0.00158	   0.00171	   0.00233	 132.63132
915	  -0.01255	  -0.01597	   0.02031	-128.17360
916	  -0.00146	  -0.00079	   0.00166	-151.46663
917	  -0.00021	  -0.00232	   0.00233	 -95.29082
918	   0.00032	   0.00304	   0.00305	  83.91214
919	  -0.00186	  -0.00018	   0.00187	-174.33102
920	  -0.00048	  -0.00077	   0.00091	-121.96730
921	   0.00249	   0.00656	   0.00701	  69.24768
922	   0.00047	  -0.00127	   0.00135	 -69.49342
923	   0.00523	  -0.00263	   0.00585	 -26.65151
924	  -0.00076	   0.00179	   0.00195	 112.85265
925	   0.00091	  -0.00027	   0.00095	 -16.57286
926	   0.00099	  -0.00157	   0.00185	 -57.81850
927	   0.00273	  -0.00105	   0.00292	 -21.06555
928	  -0.00017	  -0.00292	   0.00293	 -93.25148
929	  -0.00082	   0.00083	   0.00117	 134.87390
930	  -0.00091	  -0.00005	   0.00091	-176.54665
931	  -0.00035	  -0.00121	   0.00126	-106.10688
932	  -0.00106	   0.00538	   0.00548	 101.14709
933	   0.00023	   0.00083	   0.00086	  74.57082
934	  -0.01195	  -0.00339	   0.01242	-164.17584
935	   0.00044	   0.00107	   0.00115	  67.74235
936	  -0.00223	   0.00342	   0.00408	 123.03107
937	   0.00954	  -0.00048	   0.00955	  -2.87386
938	   0.00083	  -0.00086	   0.00119	 -45.77059
939	   0.00596	  -0.00233	   0.00640	 -21.32540
940	   0.00082	  -0.00042	   0.00092	 -27.24950
941	  -0.00147	  -0.00084	   0.00169	-150.21877
942	  -0.00005	   0.00074	   0.00074	  94.05184
943	  -0.00444	   0.00234	   0.00502	 152.17769
944	  -0.00114	   0.00009	   0.00114	 175.49710
945	  -0.00396	   0.00135	   0.00419	 161.15236
946	   0.00026	   0.00010	   0.00028	  20.26813
947	   0.00068	  -0.00018	   0.00070	 -15.02293
948	   0.00209	  -0.00047	   0.00214	 -12.54369
949	  -0.00238	   0.00277	   0.00366	 130.62292
950	  -0.00065	  -0.00059	   0.00087	-137.99719
951	  -0.03098	  -0.00349	   0.03117	-173.56958
952	   0.00013	   0.00059	   0.00060	  77.44958
953	  -0.00007	  -0.00029	   0.00029	-102.92058
954	  -0.02011	   0.00624	   0.02106	 162.77357
955	  -0.00696	   0.00724	   0.01004	 133.89662
956	   0.00145	  -0.00492	   0.00513	 -73.59808
957	  -0.00089	   0.00388	   0.00398	 102.94357
958	  -0.00215	   0.00318	   0.00384	 124.05738
959	   0.00368	   0.00282	   0.00463	  37.49084
960	  -0.00013	  -0.00123	   0.00124	 -95.89444
961	  -0.00069	   0.00336	   0.00343	 101.58430
962	  -0.00005	   0.00067	   0.00068	  94.47393
963	   0.00086	  -0.00092	   0.00126	 -46.72749
964	   0.00878	   0.02830	   0.02964	  72.75679
965	  -0.00112	  -0.00078	   0.00137	-145.06012
966	   0.00083	  -0.00608	   0.00613	 -82.26160
967	  -0.00183	   0.00156	   0.00240	 139.63559
968	   0.00046	   0.00166	   0.00173	  74.40459
969	  -0.00153	  -0.00146	   0.00211	-136.42459
970	  -0.00027	   0.00138	   0.00140	 100.92622
971	   0.00151	   0.00010	   0.00152	   3.89666
972	   0.00135	   0.00034	   0.00139	  14.04476
973	   0.00473	  -0.00445	   0.00650	 -43.27966
974	   0.00057	   0.00124	   0.00136	  65.25179
975	   0.00092	   0.00075	   0.00119	  39.05386
976	  -0.00317	   0.00032	   0.00318	 174.18669
977	   0.00144	   0.00165	   0.00219	  48.86011
978	  -0.00427	   0.00610	   0.00745	 124.99590
979	  -0.00091	   0.00332	   0.00344	 105.28560
980	  -0.00340	  -0.00314	   0.00463	-137.25656
981	   0.00775	  -0.00405	   0.00875	 -27.57869
982	   0.00081	  -0.00150	   0.00170	 -61.44220
983	   0.01127	   0.02017	   0.02311	  60.81886
984	  -0.00047	   0.00087	   0.00099	 118.27505
985	   0.00309	   0.00040	   0.00312	   7.28096
986	   0.00146	   0.00073	   0.00163	  26.50940
987	  -0.00050	   0.00039	   0.00063	 142.49017
988	  -0.00255	  -0.00231	   0.00344	-137.85966
989	   0.00182	  -0.00108	   0.00212	 -30.55575
990	   0.00087	   0.00265	   0.00279	  71.71417
991	   0.00085	   0.00020	   0.00087	  13.31504
992	   0.00227	   0.00136	   0.00265	  30.85728
993	   0.00006	   0.00085	   0.00085	  85.68731
994	  -0.00024	  -0.00096	   0.00099	-104.17368
995	  -0.00052	  -0.00021	   0.00056	-158.47540
996	  -0.00170	  -0.00128	   0.00213	-143.02643
997	  -0.00122	   0.00056	   0.00134	 155.24464
998	  -0.00022	   0.00178	   0.00179	  96.89400
999	  -0.00187	  -0.00052	   0.00194	-164.39548
1000	  -0.00005	  -0.00105	   0.00105	 -92.55824
1001	  -0.00010	  -0.00072	   0.00073	 -97.99085
1002	   0.00034	  -0.00051	   0.00061	 -56.26702
1003	   0.00075	   0.00335	   0.00343	  77.30282
1004	   0.00032	  -0.00170	   0.00173	 -79.38156
1005	  -0.00002	   0.00025	   0.00026	  95.41994
1006	  -0.00005	  -0.00078	   0.00078	 -93.42945
1007	   0.00072	   0.00081	   0.00108	  48.56911
1008	  -0.00061	  -0.00032	   0.00069	-152.47888
1009	   0.00240	  -0.00033	   0.00242	  -7.74530
1010	   0.00056	  -0.00063	   0.00084	 -48.58265
1011	  -0.00091	  -0.00298	   0.00311	-107.03177
1012	  -0.00041	   0.00004	   0.00041	 175.06145
1013	   0.00079	  -0.00077	   0.00110	 -44.23951
1014	   0.00840	  -0.00258	   0.00879	 -17.05706
1015	  -0.00089	  -0.00048	   0.00101	-151.64218
1016	   0.00318	   0.00569	   0.00652	  60.77711
1017	  -0.00064	   0.00141	   0.00155	 114.52135
1018	  -0.00051	  -0.00132	   0.00142	-111.26745
1019	  -0.00154	  -0.00194	   0.00247	-128.37560
1020	  -0.00068	  -0.00015	   0.00069	-167.84943
1021	   0.00043	   0.00053	   0.00068	  50.55352
1022	  -0.00035	   0.00014	   0.00038	 158.12814
1023	   0.00041	  -0.00060	   0.00073	 -55.89665
1024	  -0.00027	   0.00166	   0.00168	  99.32101
1025	   0.00076	   0.00046	   0.00089	  31.39500
1026	   0.00048	  -0.00039	   0.00061	 -39.24306
1027	   0.00013	  -0.00114	   0.00115	 -83.62091
1028	   0.00166	   0.00050	   0.00174	  16.62702
1029	  -0.00112	   0.00099	   0.00150	 138.35623
1030	   0.00180	   0.00161	   0.00241	  41.78802
1031	  -0.00124	  -0.00010	   0.00124	-175.40541
1032	   0.00130	   0.00013	   0.00130	   5.83098
1033	  -0.00007	  -0.00004	   0.00008	-147.80229
1034	   0.00006	  -0.00027	   0.00028	 -77.01437
1035	   0.00003	  -0.00020	   0.00020	 -82.06620
1036	   0.00030	   0.00218	   0.00220	  82.25900
1037	   0.03247	  -0.01366	   0.03523	 -22.80827
1038	   0.00027	   0.00066	   0.00071	  68.05780
1039	  -0.00156	   0.00309	   0.00346	 116.74746
1040	  -0.00086	  -0.00128	   0.00155	-123.75333
1041	   0.00085	   0.00086	   0.00121	  45.38960
1042	  -0.00234	   0.00352	   0.00423	 123.55987
1043	  -0.00093	   0.00050	   0.00106	 151.54623
1044	  -0.00095	  -0.00074	   0.00121	-141.93333
1045	  -0.00325	   0.00688	   0.00761	 115.28109
1046	   0.00100	  -0.00004	   0.00100	  -2.13066
1047	   0.00045	   0.00053	   0.00070	  49.81557
1048	   0.00043	  -0.00113	   0.00121	 -69.26293
1049	   0.00009	   0.00025	   0.00027	  69.99632
1050	  -0.00132	  -0.00528	   0.00544	-103.99871
1051	   0.00074	   0.00062	   0.00096	  39.71738
1052	  -0.00064	   0.00137	   0.00152	 115.10691
1053	   0.00182	   0.00026	   0.00183	   8.18742
1054	   0.00112	  -0.00056	   0.00125	 -26.64964
1055	   0.00059	  -0.00121	   0.00135	 -63.84417
1056	   0.00132	   0.00145	   0.00196	  47.60424
1057	  -0.00160	   0.00610	   0.00630	 104.74121
1058	   0.00031	  -0.00013	   0.00034	 -23.59311
1059	   0.00075	  -0.00134	   0.00154	 -60.82415
1060	   0.00003	   0.00005	   0.00006	  56.65561
1061	   0.00057	  -0.00080	   0.00098	 -54.33519
1062	   0.00243	   0.00137	   0.00279	  29.41674
1063	   0.00158	  -0.00030	   0.00160	 -10.91194
1064	   0.00104	   0.00052	   0.00116	  26.43329
1065	  -0.00022	  -0.00039	   0.00045	-119.32453
1066	   0.00003	   0.00058	   0.00058	  86.88310
1067	   0.00009	   0.00085	   0.00085	  84.17188
1068	   0.00060	   0.00058	   0.00083	  43.89840
1069	   0.00038	  -0.00357	   0.00359	 -83.97894
1070	   0.00097	   0.00025	   0.00100	  14.26990
1071	  -0.00063	  -0.00474	   0.00478	 -97.58395
1072	  -0.00004	  -0.00012	   0.00012	-111.13853
1073	  -0.00020	  -0.00185	   0.00186	 -96.12759
1074	  -0.00343	  -0.00735	   0.00811	-114.99042
1075	   0.00338	   0.00237	   0.00412	  35.04010
1076	   0.00035	   0.00158	   0.00161	  77.62076
1077	  -0.00529	   0.00773	   0.00937	 124.41085
1078	   0.00018	  -0.00028	   0.00033	 -57.18295
1079	  -0.00075	   0.00186	   0.00200	 112.10484
1080	   0.01653	   0.05624	   0.05861	  73.62400
1081	  -0.00256	   0.00202	   0.00326	 141.68893
1082	  -0.00008	   0.00125	   0.00125	  93.55618
1083	  -0.00028	  -0.00024	   0.00037	-139.16446
1084	   0.00194	   0.00041	   0.00198	  11.90259
1085	  -0.00078	  -0.00067	   0.00103	-139.43404
1086	   0.00006	  -0.00074	   0.00074	 -85.08220
1087	  -0.00588	   0.00332	   0.00675	 150.59975
1088	   0.00008	  -0.00040	   0.00041	 -78.13362
1089	   0.00258	   0.00138	   0.00293	  28.09825
1090	  -0.00257	   0.00462	   0.00529	 119.08665
1091	  -0.00336	   0.00007	   0.00336	 178.78491
1092	   0.00026	   0.00108	   0.00111	  76.67297
1093	  -0.00107	   0.00025	   0.00110	 166.84866
1094	   0.00705	   0.00089	   0.00710	   7.20799
1095	   0.00071	   0.00028	   0.00077	  21.80439
1096	   0.00086	  -0.00007	   0.00087	  -4.33055
1097	  -0.00070	   0.00028	   0.00076	 158.51247
1098	  -0.00558	   0.00101	   0.00567	 169.70268
1099	   0.00851	  -0.00740	   0.01127	 -41.00571
1100	   0.00053	  -0.00115	   0.00127	 -65.18076
1101	   0.00062	  -0.00003	   0.00062	  -3.01852
1102	   0.00128	  -0.00252	   0.00283	 -63.12961
1103	  -0.00022	  -0.00060	   0.00064	-110.30553
1104	  -0.00079	   0.00003	   0.00079	 178.08424
1105	   0.00016	  -0.00039	   0.00042	 -68.06995
1106	  -0.00024	  -0.00068	   0.00072	-109.62849
1107	  -0.00059	  -0.00034	   0.00068	-150.25586
1108	   0.00145	  -0.00237	   0.00278	 -58.60961
1109	  -0.00118	  -0.00261	   0.00287	-114.32147
1110	   0.00266	  -0.00349	   0.00438	 -52.66756
1111	  -0.00007	  -0.00058	   0.00058	 -97.31199
1112	  -0.00207	   0.00066	   0.00217	 162.44067
1113	  -0.00114	   0.00361	   0.00379	 107.55416
1114	   0.00012	   0.00046	   0.00047	  75.70248
1115	  -0.00243	  -0.00299	   0.00386	-129.07994
1116	  -0.00144	  -0.00022	   0.00146	-171.44609
1117	  -0.00039	  -0.00029	   0.00049	-143.71411
1118	   0.00102	  -0.00019	   0.00104	 -10.34749
1119	   0.00221	  -0.00020	   0.00222	  -5.26897
1120	  -0.00058	  -0.00097	   0.00113	-120.71804
1121	   0.00008	  -0.00034	   0.00035	 -76.70696
1122	  -0.01096	   0.00959	   0.01456	 138.83241
1123	   0.00098	  -0.00263	   0.00281	 -69.60759
1124	   0.00231	  -0.00339	   0.00411	 -55.70146
1125	   0.00014	   0.00140	   0.00141	  84.30157
1126	   0.00265	  -0.00054	   0.00271	 -11.41934
1127	   0.00058	  -0.00370	   0.00375	 -81.08915
1128	  -0.00264	   0.00039	   0.00267	 171.61879
1129	   0.05133	  -0.08176	   0.09654	 -57.88106
1130	   0.00112	  -0.00216	   0.00243	 -62.62014
1131	   0.00010	  -0.00076	   0.00076	 -82.68747
1132	   0.00123	  -0.00368	   0.00388	 -71.50622
1133	   0.00189	   0.00489	   0.00524	  68.92156
1134	  -0.00034	   0.00140	   0.00144	 103.72453
1135	  -0.00998	   0.01644	   0.01923	 121.26523
1136	  -0.00358	  -0.00096	   0.00370	-165.02621
1137	   0.00292	  -0.00038	   0.00295	  -7.39199
1138	   0.00019	  -0.00036	   0.00041	 -62.84047
1139	  -0.00117	  -0.00053	   0.00129	-155.73891
1140	   0.02547	   0.00023	   0.02548	   0.51746
1141	   0.00002	  -0.00229	   0.00229	 -89.42513
1142	   0.00018	  -0.00263	   0.00264	 -85.99908
1143	  -0.00538	   0.00414	   0.00679	 142.38800
1144	   0.00184	   0.02575	   0.02582	  85.91748
1145	   0.00089	  -0.00025	   0.00092	 -15.64871
1146	  -0.00451	   0.01037	   0.01130	 113.51052
1147	   0.01041	   0.00442	   0.01131	  22.98855
1148	   0.00836	  -0.00313	   0.00892	 -20.52880
1149	   0.00187	   0.00141	   0.00234	  36.87342
1150	  -0.00425	  -0.00144	   0.00449	-161.30330
1151	  -0.00235	   0.01347	   0.01367	  99.91460
1152	   0.00036	  -0.00017	   0.00040	 -25.42579
1153	  -0.02168	   0.02253	   0.03127	 133.89125
1154	   0.05240	   0.01211	   0.05378	  13.00869
1155	  -0.00121	  -0.00153	   0.00195	-128.31442
1156	   0.00027	  -0.00046	   0.00053	 -59.73559
1157	   0.00029	   0.00353	   0.00354	  85.34582
1158	   0.02535	  -0.02118	   0.03303	 -39.87090
1159	  -0.00054	   0.00110	   0.00122	 116.14510
1160	   0.00220	  -0.00530	   0.00574	 -67.41835
1161	  -0.00428	   0.00282	   0.00513	 146.66602
1162	   0.00157	  -0.00003	   0.00157	  -1.00858
1163	  -0.00105	  -0.00034	   0.00111	-161.93135
1164	  -0.00019	   0.00208	   0.00209	  95.12547
1165	  -0.00024	   0.00110	   0.00112	 102.49631
1166	   0.00007	   0.00010	   0.00012	  53.99567
1167	   0.00024	  -0.00009	   0.00026	 -20.48497
1168	   0.00021	   0.00254	   0.00255	  85.19884
1169	   0.00009	   0.00082	   0.00083	  83.39523
1170	  -0.00125	  -0.00005	   0.00125	-177.71893
1171	  -0.00048	   0.00659	   0.00661	  94.13848
1172	  -0.00217	   0.00376	   0.00434	 119.99068
1173	  -0.00019	   0.00012	   0.00023	 147.88774
1174	   0.00030	  -0.00170	   0.00173	 -80.14234
1175	   0.00684	  -0.00302	   0.00748	 -23.78534
1176	  -0.00097	   0.00093	   0.00134	 136.19545
1177	  -0.00027	   0.00064	   0.00070	 112.81658
1178	  -0.05116	   0.00470	   0.05137	 174.74930
1179	   0.00199	  -0.00061	   0.00208	 -17.08881
1180	   0.00033	   0.00125	   0.00129	  75.27667
1181	   0.00372	   0.00211	   0.00428	  29.55720
1182	  -0.00198	   0.00161	   0.00255	 140.85277
1183	   0.00019	  -0.00122	   0.00123	 -81.24657
1184	  -0.00002	   0.00013	   0.00014	  97.94263
1185	  -0.00503	   0.00083	   0.00510	 170.63235
1186	  -0.01152	  -0.00837	   0.01424	-143.99034
1187	  -0.00219	  -0.00757	   0.00788	-106.10089
1188	   0.00035	   0.00018	   0.00039	  26.98382
1189	   0.00490	  -0.00416	   0.00643	 -40.30627
1190	   0.00139	  -0.00140	   0.00197	 -45.24891
1191	  -0.00275	   0.01565	   0.01589	  99.97838
1192	  -0.00174	  -0.00247	   0.00302	-125.25751
1193	  -0.00106	   0.00001	   0.00106	 179.34894
1194	  -0.00069	  -0.00103	   0.00124	-123.95338
1195	   0.00996	   0.00314	   0.01044	  17.50911
1196	   0.00014	   0.00054	   0.00056	  75.48543
1197	  -0.00107	  -0.00038	   0.00114	-160.43913
1198	  -0.00076	  -0.00233	   0.00245	-108.13842
1199	  -0.00235	  -0.00148	   0.00278	-147.77953
1200	   0.00091	  -0.00266	   0.00281	 -71.05018
1201	   0.00078	  -0.00054	   0.00095	 -34.47292
1202	   0.00377	   0.00010	   0.00377	   1.55843
1203	   0.00111	  -0.00134	   0.00174	 -50.45092
1204	  -0.00036	   0.00029	   0.00046	 141.51189
1205	   0.00907	  -0.01211	   0.01513	 -53.15597
1206	  -0.00073	   0.00043	   0.00085	 149.14435
1207	   0.00126	   0.00147	   0.00194	  49.35962
1208	  -0.00155	   0.00251	   0.00295	 121.67915
1209	  -0.00115	  -0.00281	   0.00303	-112.31707
1210	  -0.00013	   0.00181	   0.00182	  93.96677
1211	   0.00183	  -0.00054	   0.00191	 -16.41391
1212	   0.00395	  -0.00148	   0.00422	 -20.48776
1213	   0.00094	   0.00084	   0.00126	  41.62822
1214	   0.00428	   0.00052	   0.00431	   6.86915
1215	  -0.00656	  -0.00051	   0.00658	-175.53110
1216	   0.00061	  -0.00011	   0.00062	 -10.58220
1217	   0.00090	  -0.00110	   0.00142	 -50.72858
1218	  -0.00162	   0.00627	   0.00647	 104.47943
1219	   0.00001	  -0.00009	   0.00009	 -80.93548
1220	  -0.00048	   0.00263	   0.00268	 100.42982
1221	  -0.00414	  -0.00858	   0.00953	-115.74610
1222	   0.00406	  -0.00069	   0.00412	  -9.69469
1223	  -0.00126	  -0.00059	   0.00139	-154.90280
1224	   0.00164	   0.00252	   0.00301	  56.88148
1225	   0.00218	  -0.00309	   0.00378	 -54.86470
1226	   0.00070	  -0.00009	   0.00071	  -7.24951
1227	   0.01292	   0.00247	   0.01315	  10.81304
1228	  -0.00001	   0.00094	   0.00094	  90.53582
1229	  -0.00045	   0.00256	   0.00260	 100.01680
1230	  -0.00019	   0.00120	   0.00121	  99.08505
1231	   0.00030	   0.00044	   0.00054	  55.66831
1232	  -0.00008	   0.00872	   0.00872	  90.54530
1233	  -0.00205	   0.00387	   0.00438	 117.87904
1234	  -0.00109	   0.00113	   0.00157	 134.02470
1235	  -0.00065	   0.00022	   0.00068	 161.29631
1236	   0.00047	   0.00504	   0.00506	  84.72343
1237	   0.00186	  -0.00002	   0.00186	  -0.51800
1238	   0.00090	  -0.00001	   0.00090	  -0.32913
1239	  -0.00696	   0.00047	   0.00697	 176.16325
1240	   0.00037	   0.00091	   0.00098	  68.08724
1241	   0.00658	  -0.00168	   0.00679	 -14.34007
1242	  -0.00210	  -0.00055	   0.00217	-165.20720
1243	  -0.00058	   0.00011	   0.00059	 168.71873
1244	   0.00061	  -0.00030	   0.00068	 -26.54709
1245	   0.00030	   0.00147	   0.00150	  78.61408
1246	   0.00020	   0.00102	   0.00103	  78.98911
1247	  -0.00114	   0.00158	   0.00194	 125.74314
1248	  -0.00148	   0.00369	   0.00398	 111.83433
1249	   0.00268	   0.00046	   0.00272	   9.75384
1250	   0.00056	  -0.00134	   0.00145	 -67.47802
1251	   0.00035	  -0.00094	   0.00100	 -69.65391
1252	  -0.00054	   0.00032	   0.00062	 148.96120
1253	   0.00162	  -0.00524	   0.00548	 -72.76667
1254	   0.00297	  -0.00258	   0.00393	 -40.99714
1255	   0.01244	  -0.00157	   0.01254	  -7.20241
1256	  -0.00027	   0.00123	   0.00126	 102.35019
1257	   0.00093	  -0.00146	   0.00173	 -57.41219
1258	   0.00157	   0.00232	   0.00280	  55.86164
1259	  -0.00077	  -0.00188	   0.00203	-112.36709
1260	   0.00092	  -0.00246	   0.00263	 -69.46584
1261	   0.00110	   0.00099	   0.00148	  41.87752
1262	  -0.00402	   0.00123	   0.00420	 163.04114
1263	  -0.00011	  -0.00007	   0.00013	-149.12041
1264	  -0.00103	  -0.00175	   0.00203	-120.45895
1265	   0.00099	   0.00001	   0.00099	   0.75880
1266	  -0.00034	   0.00021	   0.00040	 148.84082
1267	  -0.00126	  -0.00098	   0.00160	-142.25696
1268	   0.00072	  -0.00207	   0.00219	 -70.71514
1269	   0.00380	   0.00069	   0.00386	  10.26517
1270	   0.00089	  -0.00044	   0.00099	 -26.43036
1271	   0.00025	  -0.00124	   0.00127	 -78.70360
1272	   0.00083	  -0.00111	   0.00139	 -53.20242
1273	  -0.00494	   0.00669	   0.00832	 126.48363
1274	  -0.00015	   0.00112	   0.00113	  97.67414
1275	  -0.00020	   0.00068	   0.00071	 106.57598
1276	   0.00067	   0.00004	   0.00067	   3.46668
1277	   0.00030	   0.00034	   0.00046	  48.69849
1278	   0.00036	   0.00039	   0.00053	  46.97249
1279	  -0.01062	  -0.00367	   0.01123	-160.93217
1280	   0.00037	   0.00314	   0.00316	  83.26004
1281	  -0.00090	  -0.00146	   0.00172	-121.75087
1282	   0.00255	   0.00092	   0.00271	  19.79107
1283	   0.00113	  -0.00059	   0.00128	 -27.49447
1284	   0.00086	  -0.00130	   0.00156	 -56.50814
1285	   0.00110	   0.00055	   0.00123	  26.63803
1286	   0.00170	   0.00056	   0.00179	  18.19698
1287	  -0.00453	   0.00311	   0.00549	 145.53174
1288	   0.00063	   0.00061	   0.00087	  43.97441
1289	  -0.00105	   0.00012	   0.00106	 173.27386
1290	   0.00059	  -0.00210	   0.00218	 -74.42902
1291	   0.00011	   0.00299	   0.00300	  87.93832
1292	   0.00014	   0.00174	   0.00174	  85.26241
1293	   0.00068	  -0.00083	   0.00107	 -50.51152
1294	  -0.00035	  -0.00200	   0.00203	 -99.83784
1295	  -0.00018	  -0.00066	   0.00069	-105.37415
1296	  -0.00019	  -0.00041	   0.00045	-115.14957
1297	   0.00127	   0.00279	   0.00306	  65.52844
1298	  -0.00072	   0.00063	   0.00095	 138.67725
1299	   0.00083	   0.00051	   0.00097	  31.27295
1300	   0.00058	   0.00264	   0.00270	  77.59048
1301	   0.01233	  -0.01114	   0.01662	 -42.09999
1302	  -0.00171	  -0.00098	   0.00197	-150.29117
1303	   0.00176	  -0.00260	   0.00314	 -55.86710
1304	  -0.00102	  -0.00099	   0.00142	-135.70860
1305	  -0.00022	   0.00594	   0.00594	  92.13865
1306	  -0.00045	   0.00021	   0.00049	 155.01537
1307	  -0.00046	   0.00071	   0.00085	 123.31718
1308	   0.00118	  -0.00093	   0.00150	 -38.21433
1309	   0.00197	   0.00151	   0.00248	  37.33690
1310	  -0.00096	   0.00115	   0.00150	 129.71646
1311	  -0.00026	   0.00015	   0.00030	 150.92841
1312	   0.00075	  -0.00062	   0.00097	 -39.83517
1313	   0.00002	  -0.00089	   0.00089	 -88.41198
1314	  -0.00144	  -0.00060	   0.00156	-157.55547
1315	   0.00047	  -0.00009	   0.00048	 -10.97184
1316	   0.04290	   0.00899	   0.04383	  11.84100
1317	   0.00071	  -0.00020	   0.00074	 -15.99604
1318	  -0.00098	  -0.00045	   0.00108	-155.16747
1319	   0.00071	   0.00108	   0.00129	  56.52506
1320	   0.00193	  -0.00152	   0.00245	 -38.26392
1321	   0.00019	  -0.00187	   0.00188	 -84.18130
1322	  -0.00072	   0.00018	   0.00074	 165.59909
1323	   0.00766	  -0.00521	   0.00927	 -34.19011
1324	  -0.00127	   0.00264	   0.00293	 115.75552
1325	   0.00216	  -0.00083	   0.00232	 -21.11006
1326	   0.00161	   0.00106	   0.00192	  33.32454
1327	   0.00068	   0.00030	   0.00074	  24.18586
1328	  -0.01069	   0.00065	   0.01071	 176.51424
1329	   0.00030	  -0.00042	   0.00052	 -54.76683
1330	   0.00713	  -0.01598	   0.01750	 -65.94473
1331	   0.00090	   0.00092	   0.00129	  45.65265
1332	   0.00018	   0.00047	   0.00050	  68.87492
1333	  -0.00283	   0.00268	   0.00390	 136.48563
1334	  -0.00210	  -0.00012	   0.00211	-176.73233
1335	  -0.00087	   0.00039	   0.00096	 155.82004
1336	  -0.00152	   0.00316	   0.00351	 115.72836
1337	  -0.00417	  -0.00316	   0.00523	-142.86472
1338	   0.00195	   0.00097	   0.00218	  26.40216
1339	   0.00070	   0.00416	   0.00422	  80.42661
1340	  -0.00117	   0.00081	   0.00142	 145.07385
1341	  -0.00073	   0.00196	   0.00209	 110.36667
1342	  -0.00070	  -0.00119	   0.00138	-120.32270
1343	  -0.00138	  -0.00245	   0.00281	-119.34393
1344	  -0.00949	   0.01590	   0.01852	 120.83529
1345	  -0.00247	  -0.00017	   0.00247	-176.07581
1346	  -0.00082	  -0.00117	   0.00143	-125.03188
1347	  -0.00136	   0.00011	   0.00136	 175.17693
1348	   0.00053	  -0.00120	   0.00131	 -66.31660
1349	   0.00074	   0.00003	   0.00074	   2.10444
1350	   0.00359	   0.00037	   0.00361	   5.95071
1351	  -0.00494	   0.01438	   0.01520	 108.96838
1352	   0.00080	  -0.00030	   0.00086	 -20.64324
1353	  -0.00094	  -0.00075	   0.00120	-141.44975
1354	   0.00182	   0.00015	   0.00183	   4.78334
1355	   0.00143	  -0.00089	   0.00169	 -31.99067
1356	   0.00312	   0.00154	   0.00348	  26.32956
1357	   0.00269	   0.00063	   0.00276	  13.25548
1358	   0.00558	  -0.00823	   0.00994	 -55.85535
1359	  -0.00039	   0.00228	   0.00231	  99.62794
1360	   0.00363	  -0.00147	   0.00392	 -21.98619
1361	  -0.00344	  -0.00413	   0.00537	-129.85405
1362	   0.00148	   0.00043	   0.00154	  16.32416
1363	  -0.00202	   0.00189	   0.00276	 136.91035
1364	   0.00074	  -0.00203	   0.00216	 -70.03425
1365	   0.05728	   0.04355	   0.07196	  37.24959
1366	  -0.00116	  -0.00131	   0.00175	-131.51012
1367	   0.00041	  -0.00618	   0.00619	 -86.21923
1368	   0.00313	  -0.00166	   0.00354	 -27.92035
1369	  -0.00153	  -0.00276	   0.00315	-118.97865
1370	   0.00061	   0.00111	   0.00127	  61.15490
1371	   0.00013	  -0.00127	   0.00127	 -84.35464
1372	   0.00860	  -0.00127	   0.00869	  -8.39926
1373	   0.00067	   0.00096	   0.00117	  55.07503
1374	  -0.00037	   0.00155	   0.00160	 103.39466
1375	   0.00280	  -0.00031	   0.00282	  -6.28129
1376	   0.00186	   0.00517	   0.00550	  70.19372
1377	  -0.00172	   0.00298	   0.00344	 120.00902
1378	  -0.00029	  -0.00173	   0.00176	 -99.53941
1379	   0.00741	  -0.00240	   0.00778	 -17.94926
1380	   0.00035	  -0.00046	   0.00058	 -52.47198
1381	   0.00312	  -0.00001	   0.00312	  -0.20856
1382	   0.00191	   0.00320	   0.00373	  59.12109
1383	  -0.00248	   0.00549	   0.00602	 114.35612
1384	   0.00270	   0.00723	   0.00772	  69.56712
1385	  -0.04550	  -0.01994	   0.04967	-156.33197
1386	   0.00485	  -0.00591	   0.00765	 -50.66362
1387	  -0.00171	  -0.00139	   0.00220	-140.94673
1388	   0.00122	   0.00073	   0.00142	  30.86768
1389	  -0.00080	   0.00044	   0.00091	 151.45598
1390	  -0.00116	  -0.00261	   0.00286	-113.93301
1391	  -0.00115	   0.00046	   0.00124	 158.16405
1392	   0.00185	   0.00757	   0.00779	  76.27193
1393	   0.00323	  -0.00252	   0.00409	 -37.93511
1394	   0.00402	   0.00134	   0.00423	  18.48479
1395	   0.00231	   0.00040	   0.00235	   9.84682
1396	  -0.00757	  -0.00958	   0.01221	-128.33302
1397	   0.00152	   0.00106	   0.00185	  34.87667
1398	  -0.00392	  -0.00321	   0.00507	-140.67484
1399	   0.00208	  -0.00800	   0.00826	 -75.40072
1400	   0.00711	  -0.00462	   0.00848	 -32.99477
1401	  -0.00578	   0.01005	   0.01159	 119.88318
1402	  -0.00077	   0.00479	   0.00485	  99.08273
1403	  -0.00074	   0.00521	   0.00526	  98.08691
1404	   0.00016	  -0.00000	   0.00016	  -0.74960
1405	   0.00196	  -0.00099	   0.00220	 -26.78672
1406	   0.00156	   0.00316	   0.00352	  63.72865
1407	   0.00293	  -0.00061	   0.00299	 -11.69113
1408	  -0.00094	   0.00006	   0.00094	 176.06662
1409	  -0.00141	  -0.00095	   0.00170	-146.06009
1410	  -0.00230	  -0.00022	   0.00231	-174.58841
1411	   0.00278	   0.00195	   0.00340	  35.04863
1412	   0.00159	  -0.00098	   0.00187	 -31.79453
1413	  -0.00049	  -0.00107	   0.00118	-114.70815
1414	   0.00515	  -0.00150	   0.00537	 -16.26772
1415	   0.00110	  -0.00020	   0.00112	 -10.14355
1416	   0.00052	  -0.00078	   0.00094	 -56.15753
1417	   0.00263	  -0.00487	   0.00554	 -61.61702
1418	  -0.00373	   0.00118	   0.00391	 162.44969
1419	   0.00064	  -0.00073	   0.00098	 -48.79226
1420	  -0.00327	  -0.00218	   0.00393	-146.30721
1421	   0.01081	   0.00361	   0.01140	  18.47950
1422	   0.01549	   0.00080	   0.01551	   2.95438
1423	   0.00022	   0.00028	   0.00036	  51.08817
1424	   0.00283	  -0.02482	   0.02498	 -83.50067
1425	  -0.00251	  -0.00055	   0.00257	-167.74753
1426	   0.00061	   0.00188	   0.00198	  71.95606
1427	  -0.00178	  -0.00021	   0.00179	-173.36418
1428	   0.00326	   0.00074	   0.00334	  12.78298
1429	  -0.00258	   0.00570	   0.00625	 114.32863
1430	   0.00968	   0.00463	   0.01073	  25.56354
1431	  -0.00201	  -0.00442	   0.00485	-114.41291
1432	   0.00297	  -0.00427	   0.00520	 -55.19776
1433	  -0.00018	  -0.00018	   0.00026	-134.74734
1434	   0.00291	   0.00082	   0.00302	  15.73367
1435	   0.00523	  -0.00304	   0.00605	 -30.14683
1436	  -0.00377	   0.00090	   0.00387	 166.51677
1437	  -0.00066	   0.00193	   0.00204	 108.87567
1438	   0.00262	  -0.00457	   0.00526	 -60.18364
1439	   0.00065	  -0.00579	   0.00583	 -83.57010
1440	   0.00058	  -0.00027	   0.00064	 -25.14238
1441	   0.00780	  -0.01102	   0.01350	 -54.70627
1442	   0.00325	  -0.00096	   0.00339	 -16.41692
1443	   0.00081	  -0.00178	   0.00195	 -65.61008
1444	  -0.00516	   0.01558	   0.01641	 108.33359
1445	  -0.01011	   0.01998	   0.02239	 116.83603
1446	   0.00235	  -0.00068	   0.00245	 -16.11164
1447	  -0.00080	  -0.00186	   0.00203	-113.29740
1448	  -0.00322	  -0.00367	   0.00488	-131.21176
1449	  -0.00779	  -0.00494	   0.00923	-147.60992
1450	   0.00735	   0.00512	   0.00896	  34.86943
1451	   0.00111	   0.00035	   0.00116	  17.41410
1452	  -0.01159	  -0.03815	   0.03987	-106.90109
1453	   0.00261	   0.00149	   0.00300	  29.71630
1454	   0.00104	  -0.00068	   0.00125	 -33.30333
1455	  -0.00365	   0.00091	   0.00376	 165.93494
1456	  -0.00235	  -0.00396	   0.00460	-120.68000
1457	  -0.00006	   0.00237	   0.00237	  91.36137
1458	   0.00119	  -0.00101	   0.00157	 -40.39526
1459	  -0.00137	  -0.00140	   0.00196	-134.42102
1460	  -0.00106	  -0.00224	   0.00248	-115.32343
1461	   0.00032	   0.00213	   0.00215	  81.31016
1462	  -0.00144	  -0.00170	   0.00223	-130.29614
1463	   0.00474	   0.00403	   0.00622	  40.38404
1464	  -0.00301	   0.00222	   0.00374	 143.61246
1465	   0.00277	  -0.00700	   0.00753	 -68.41840
1466	  -0.00477	   0.00186	   0.00512	 158.71062
1467	   0.00007	  -0.00034	   0.00034	 -78.93617
1468	   0.00199	  -0.00085	   0.00217	 -23.00614
1469	  -0.00056	   0.00124	   0.00136	 114.27545
1470	   0.00503	   0.00708	   0.00868	  54.57058
1471	   0.00286	   0.00630	   0.00692	  65.62657
1472	   0.00179	  -0.00136	   0.00225	 -37.38469
1473	  -0.00261	   0.03420	   0.03430	  94.36189
1474	  -0.00105	   0.00014	   0.00106	 172.34497
1475	  -0.00065	   0.00143	   0.00157	 114.32400
1476	  -0.00203	  -0.00117	   0.00234	-150.11972
1477	   0.00536	  -0.00429	   0.00686	 -38.65641
1478	   0.00068	   0.00164	   0.00177	  67.35416
1479	  -0.01333	   0.00270	   0.01360	 168.56778
1480	   0.00641	   0.00506	   0.00816	  38.29834
1481	  -0.00065	  -0.00482	   0.00487	 -97.61812
1482	  -0.00196	   0.00014	   0.00197	 175.96442
1483	   0.00102	   0.00481	   0.00492	  78.03472
1484	  -0.00080	  -0.00545	   0.00551	 -98.36453
1485	  -0.00257	  -0.00041	   0.00260	-170.98744
1486	   0.00107	   0.00418	   0.00432	  75.64552
1487	   0.00440	   0.00384	   0.00584	  41.10443
1488	  -0.00126	  -0.00058	   0.00138	-155.30035
1489	   0.00192	   0.00011	   0.00192	   3.25824
1490	  -0.00245	  -0.00008	   0.00245	-178.02341
1491	  -0.00159	  -0.00026	   0.00161	-170.61780
1492	  -0.00161	   0.00024	   0.00163	 171.61612
1493	   0.00183	  -0.00092	   0.00205	 -26.73757
1494	   0.00283	   0.00040	   0.00286	   8.04313
1495	   0.00290	   0.00035	   0.00292	   6.93754
1496	  -0.00371	   0.00302	   0.00479	 140.87318
1497	   0.00316	   0.00653	   0.00725	  64.14971
1498	  -0.00249	   0.00131	   0.00281	 152.23761
1499	  -0.00488	  -0.00028	   0.00488	-176.76515
1500	  -0.00011	  -0.00109	   0.00110	 -95.88416
1501	   0.00680	   0.00005	   0.00680	   0.45415
1502	   0.00394	  -0.00246	   0.00464	 -31.97494
1503	  -0.00021	  -0.00308	   0.00309	 -93.86980
1504	  -0.00501	  -0.00239	   0.00555	-154.46713
1505	   0.00877	   0.00376	   0.00954	  23.19545
1506	  -0.00171	  -0.00016	   0.00171	-174.81422
1507	  -0.00032	  -0.00007	   0.00033	-167.88728
1508	   0.00190	   0.00615	   0.00644	  72.81750
1509	   0.00445	  -0.00086	   0.00453	 -10.91854
1510	  -0.00134	  -0.00018	   0.00135	-172.54201
1511	   0.00052	  -0.00764	   0.00766	 -86.10696
1512	  -0.00727	   0.00435	   0.00847	 149.11040
1513	  -0.00065	  -0.00164	   0.00177	-111.75820
1514	   0.00188	   0.00001	   0.00188	   0.15805
1515	   0.00035	   0.00043	   0.00055	  51.16254
1516	  -0.00805	   0.00075	   0.00809	 174.66858
1517	  -0.00078	   0.00270	   0.00281	 106.02026
1518	   0.00346	  -0.00317	   0.00470	 -42.50400
1519	  -0.00188	  -0.00205	   0.00278	-132.51692
1520	  -0.00179	   0.00214	   0.00279	 129.92448
1521	  -0.00082	  -0.00213	   0.00228	-110.96049
1522	  -0.00339	  -0.00145	   0.00369	-156.90437
1523	  -0.06598	   0.04315	   0.07884	 146.81895
1524	   0.00029	  -0.00135	   0.00138	 -78.05228
1525	   0.00063	   0.00262	   0.00270	  76.40633
1526	  -0.00068	   0.00425	   0.00430	  99.10477
1527	   0.00573	   0.00367	   0.00680	  32.62553
1528	  -0.00157	  -0.00018	   0.00158	-173.38968
1529	  -0.00142	   0.00131	   0.00193	 137.37697
1530	  -0.00348	  -0.00116	   0.00367	-161.63101
1531	  -0.00098	  -0.00115	   0.00151	-130.56299
1532	   0.00082	   0.00240	   0.00253	  71.08390
1533	   0.00741	   0.00642	   0.00981	  40.89729
1534	  -0.00194	   0.00523	   0.00558	 110.41317
1535	   0.00253	   0.00038	   0.00256	   8.43946
1536	   0.00088	  -0.00365	   0.00376	 -76.38350
1537	   0.00255	  -0.00065	   0.00263	 -14.34816
1538	  -0.00040	   0.00408	   0.00410	  95.53552
1539	  -0.00652	  -0.00322	   0.00727	-153.74205
1540	   0.00242	   0.00143	   0.00280	  30.57045
1541	   0.06292	  -0.01107	   0.06389	  -9.97576
1542	  -0.00139	  -0.00140	   0.00197	-134.93898
1543	   0.00065	  -0.00043	   0.00078	 -33.33420
1544	  -0.00458	   0.00253	   0.00523	 151.07118
1545	  -0.00080	   0.01478	   0.01480	  93.10025
1546	  -0.00070	  -0.00131	   0.00148	-118.18256
1547	  -0.00115	  -0.00852	   0.00860	 -97.70963
1548	   0.00178	  -0.00512	   0.00542	 -70.78598
1549	   0.00361	  -0.00043	   0.00363	  -6.86615
1550	  -0.00241	   0.00257	   0.00352	 133.12183
1551	   0.00034	  -0.00140	   0.00145	 -76.30818
1552	  -0.00297	  -0.00728	   0.00786	-112.18398
1553	  -0.00126	  -0.00044	   0.00134	-160.94904
1554	  -0.00312	  -0.00121	   0.00335	-158.73943
1555	  -0.01016	  -0.00790	   0.01287	-142.14391
1556	   0.00068	  -0.00006	   0.00068	  -4.91817
1557	  -0.00047	   0.00303	   0.00307	  98.76426
1558	  -0.00020	  -0.00051	   0.00055	-111.81902
1559	  -0.00014	  -0.00081	   0.00082	 -99.97649
1560	   0.00108	  -0.00013	   0.00109	  -6.88792
1561	  -0.00397	   0.00076	   0.00404	 169.21994
1562	  -0.00143	  -0.00411	   0.00435	-109.17283
1563	  -0.00097	   0.00306	   0.00321	 107.55135
1564	  -0.00107	   0.00020	   0.00108	 169.38919
1565	   0.00071	   0.00049	   0.00087	  34.37175
1566	  -0.00045	  -0.00059	   0.00074	-126.97817
1567	   0.00017	   0.00103	   0.00105	  80.47189
1568	   0.00152	   0.00308	   0.00344	  63.76508
1569	  -0.00103	  -0.00063	   0.00121	-148.59818
1570	  -0.00004	  -0.00122	   0.00122	 -91.99824
1571	   0.00080	   0.00393	   0.00401	  78.43542
1572	   0.00208	   0.00298	   0.00363	  55.01814
1573	   0.00236	  -0.00299	   0.00381	 -51.74124
1574	   0.00842	  -0.00514	   0.00986	 -31.41601
1575	   0.00711	   0.00822	   0.01087	  49.14762
1576	   0.01093	  -0.00043	   0.01093	  -2.25961
1577	   0.00030	  -0.00069	   0.00075	 -66.15272
1578	  -0.00150	   0.00107	   0.00185	 144.41264
1579	  -0.00127	  -0.00129	   0.00181	-134.58853
1580	   0.00069	  -0.00105	   0.00125	 -56.54874
1581	  -0.00326	   0.00011	   0.00326	 178.06052
1582	   0.00438	   0.00092	   0.00448	  11.89722
1583	   0.00280	  -0.00162	   0.00323	 -30.01174
1584	  -0.00027	  -0.00016	   0.00031	-149.89301
1585	  -0.01077	  -0.00878	   0.01390	-140.81035
1586	   0.00319	  -0.00073	   0.00327	 -12.96634
1587	  -0.02017	   0.01341	   0.02422	 146.38022
1588	   0.00010	  -0.00095	   0.00095	 -83.94442
1589	   0.00475	  -0.00077	   0.00481	  -9.24923
1590	   0.00059	   0.00051	   0.00078	  40.41344
1591	   0.00185	   0.00048	   0.00191	  14.52491
1592	  -0.00060	   0.00002	   0.00060	 178.27800
1593	   0.00031	  -0.00003	   0.00031	  -5.26694
1594	  -0.00252	  -0.00054	   0.00257	-167.96298
1595	   0.00106	   0.00235	   0.00258	  65.64408
1596	   0.00479	  -0.00287	   0.00559	 -30.95486
1597	   0.00075	   0.00169	   0.00185	  66.04955
1598	   0.00005	   0.00094	   0.00094	  86.84650
1599	  -0.00258	   0.00061	   0.00265	 166.73085
1600	  -0.00062	   0.00258	   0.00266	 103.57382
1601	  -0.00366	  -0.00443	   0.00574	-129.52255
1602	  -0.00118	   0.00026	   0.00121	 167.48773
1603	  -0.00348	  -0.01742	   0.01777	-101.30540
1604	   0.00013	   0.00114	   0.00115	  83.36163
1605	   0.00075	  -0.00049	   0.00090	 -32.87622
1606	  -0.00272	   0.00024	   0.00273	 175.00307
1607	   0.00295	   0.00061	   0.00301	  11.68704
1608	  -0.00032	   0.00087	   0.00093	 110.10490
1609	  -0.00159	   0.00107	   0.00192	 146.12515
1610	   0.00491	  -0.02777	   0.02820	 -79.96545
1611	   0.00104	   0.00435	   0.00447	  76.50934
1612	  -0.00292	  -0.00096	   0.00308	-161.81184
1613	   0.00104	   0.00244	   0.00265	  66.94188
1614	   0.00062	  -0.00141	   0.00154	 -66.22523
1615	  -0.00016	   0.00122	   0.00123	  97.57008
1616	  -0.00240	  -0.00275	   0.00365	-131.11989
1617	   0.00961	  -0.00129	   0.00970	  -7.63426
1618	   0.00283	  -0.00134	   0.00313	 -25.39594
1619	  -0.00155	   0.00182	   0.00239	 130.45909
1620	   0.00359	   0.00085	   0.00369	  13.35396
1621	   0.01244	   0.00370	   0.01298	  16.57122
1622	   0.00035	   0.00095	   0.00101	  69.70403
1623	   0.00155	  -0.00066	   0.00169	 -23.09156
1624	   0.00768	  -0.01858	   0.02011	 -67.53658
1625	  -0.00191	  -0.00068	   0.00203	-160.41147
1626	  -0.00237	  -0.00654	   0.00696	-109.88402
1627	  -0.00355	  -0.00047	   0.00358	-172.51413
1628	   0.00233	   0.00214	   0.00317	  42.53649
1629	   0.00261	   0.00043	   0.00264	   9.39345
1630	   0.00012	   0.00023	   0.00026	  61.89391
1631	   0.00355	   0.00182	   0.00399	  27.15188
1632	  -0.00098	   0.00011	   0.00099	 173.65939
1633	   0.00033	  -0.00042	   0.00054	 -51.66729
1634	  -0.00915	  -0.00250	   0.00948	-164.72179
1635	   0.00295	   0.00391	   0.00490	  52.93635
1636	   0.00112	   0.00428	   0.00443	  75.34624
1637	  -0.00656	  -0.00161	   0.00675	-166.18364
1638	   0.00252	  -0.00074	   0.00262	 -16.35768
1639	  -0.00074	   0.00322	   0.00331	 102.88395
1640	   0.00027	  -0.00040	   0.00048	 -56.10946
1641	   0.00878	  -0.01193	   0.01481	 -53.63643
1642	  -0.00067	  -0.00228	   0.00237	-106.35598
1643	  -0.00005	  -0.00358	   0.00358	 -90.76487
1644	   0.00162	  -0.00055	   0.00171	 -18.61381
1645	   0.00506	   0.00063	   0.00510	   7.11336
1646	  -0.00233	   0.00083	   0.00248	 160.45117
1647	  -0.00187	  -0.00340	   0.00388	-118.77098
1648	  -0.01999	   0.00850	   0.02172	 156.96428
1649	   0.00059	  -0.00038	   0.00071	 -32.93187
1650	  -0.00279	   0.00400	   0.00488	 124.89358
1651	  -0.00204	   0.00270	   0.00339	 127.01943
1652	   0.00704	   0.00145	   0.00719	  11.60972
1653	   0.00155	  -0.00284	   0.00324	 -61.39083
1654	  -0.00525	  -0.00104	   0.00535	-168.77847
1655	   0.00668	  -0.00420	   0.00789	 -32.13481
1656	   0.00336	   0.00048	   0.00339	   8.09911
1657	  -0.00106	   0.00096	   0.00143	 137.90761
1658	   0.00116	   0.00067	   0.00133	  29.96969
1659	   0.00672	  -0.00288	   0.00731	 -23.19576
1660	  -0.00259	  -0.00075	   0.00270	-163.85448
1661	   0.00250	   0.00163	   0.00299	  33.17962
1662	   0.00970	   0.01103	   0.01469	  48.69479
1663	   0.00469	   0.00375	   0.00601	  38.68727
1664	  -0.00091	   0.00135	   0.00162	 123.97558
1665	  -0.00042	  -0.00745	   0.00746	 -93.23203
1666	   0.00520	  -0.00390	   0.00650	 -36.85090
1667	  -0.00106	   0.00010	   0.00106	 174.81102
1668	  -0.00344	  -0.00150	   0.00375	-156.45815
1669	   0.00200	   0.01468	   0.01482	  82.23624
1670	   0.00243	  -0.00866	   0.00899	 -74.29044
1671	   0.00146	   0.00076	   0.00165	  27.55220
1672	   0.00146	  -0.00269	   0.00306	 -61.57340
1673	   0.00904	  -0.00411	   0.00993	 -24.47527
1674	   0.00503	   0.00720	   0.00878	  55.06337
1675	  -0.00104	   0.00015	   0.00105	 171.92455
1676	  -0.00485	  -0.00825	   0.00957	-120.44537
1677	   0.00216	   0.00245	   0.00327	  48.60022
1678	   0.00028	  -0.00110	   0.00113	 -75.72134
1679	   0.00407	  -0.00139	   0.00430	 -18.90050
1680	   0.00296	  -0.00025	   0.00298	  -4.91341
1681	  -0.00093	   0.00022	   0.00095	 166.76585
1682	   0.00001	  -0.00390	   0.00390	 -89.84822
1683	   0.01929	  -0.00758	   0.02072	 -21.44752
1684	  -0.01806	  -0.01309	   0.02230	-144.04939
1685	  -0.00229	  -0.00472	   0.00525	-115.92727
1686	   0.00327	  -0.00111	   0.00345	 -18.75456
1687	   0.00718	   0.00322	   0.00786	  24.14261
1688	   0.00088	   0.00046	   0.00100	  27.72388
1689	  -0.00096	   0.00084	   0.00127	 138.74995
1690	  -0.00079	  -0.02324	   0.02326	 -91.95545
1691	  -0.00329	  -0.00236	   0.00405	-144.26317
1692	   0.00428	  -0.00127	   0.00446	 -16.57413
1693	  -0.00025	  -0.00301	   0.00302	 -94.67845
1694	   0.01036	   0.00614	   0.01204	  30.63509
1695	   0.00508	  -0.00062	   0.00511	  -6.99662
1696	   0.00326	   0.00368	   0.00491	  48.47125
1697	   0.02831	  -0.04175	   0.05044	 -55.85271
1698	  -0.00085	   0.00282	   0.00294	 106.81977
1699	   0.00335	   0.00223	   0.00402	  33.68655
1700	  -0.00026	   0.00296	   0.00298	  95.10509
1701	   0.00985	  -0.00038	   0.00986	  -2.22861
1702	  -0.00319	   0.00065	   0.00326	 168.46225
1703	   0.00396	   0.00385	   0.00553	  44.20604
1704	  -0.00276	  -0.02255	   0.02272	 -96.97726
1705	   0.00192	   0.02192	   0.02201	  84.98344
1706	   0.00109	   0.00340	   0.00357	  72.22887
1707	   0.00143	  -0.00005	   0.00143	  -1.82443
1708	   0.00769	  -0.00601	   0.00976	 -37.97590
1709	  -0.00385	   0.00133	   0.00408	 160.96165
1710	  -0.00180	  -0.00278	   0.00331	-122.85197
1711	   0.00823	   0.01021	   0.01311	  51.14571
1712	   0.00992	  -0.01418	   0.01731	 -55.03612
1713	  -0.00944	   0.02598	   0.02764	 109.95617
1714	   0.00123	   0.00035	   0.00128	  15.95209
1715	   0.00460	  -0.00866	   0.00981	 -62.01030
1716	  -0.00359	   0.00212	   0.00417	 149.39438
1717	   0.05472	   0.00206	   0.05476	   2.15138
1718	   0.00023	  -0.01030	   0.01030	 -88.71399
1719	  -0.00080	  -0.00140	   0.00161	-119.81900
1720	   0.00520	  -0.00159	   0.00543	 -17.02822
1721	   0.00026	   0.00084	   0.00087	  72.75183
1722	   0.00441	  -0.00077	   0.00447	  -9.92648
1723	  -0.00123	  -0.00365	   0.00385	-108.54716
1724	   0.00573	   0.00419	   0.00710	  36.16526
1725	  -0.00223	   0.00244	   0.00331	 132.44434
1726	   0.00653	   0.01024	   0.01215	  57.47057
1727	   0.00777	  -0.02100	   0.02239	 -69.70872
1728	  -0.00034	  -0.00249	   0.00252	 -97.75980
1729	   0.00053	  -0.01412	   0.01413	 -87.85351
1730	  -0.00742	  -0.00521	   0.00907	-144.91649
1731	   0.02536	   0.01439	   0.02916	  29.57187
1732	   0.00218	   0.00851	   0.00879	  75.63827
1733	  -0.02895	  -0.00047	   0.02895	-179.07812
1734	  -0.02484	   0.00051	   0.02485	 178.82750
1735	  -0.00036	  -0.00002	   0.00036	-176.12874
1736	   0.00721	   0.00703	   0.01007	  44.29046
1737	   0.00120	  -0.00090	   0.00150	 -36.94394
1738	  -0.01659	  -0.00525	   0.01740	-162.43661
1739	   0.01294	  -0.01099	   0.01698	 -40.35625
1740	  -0.00491	  -0.01708	   0.01777	-106.04039
1741	   0.00347	   0.04697	   0.04710	  85.77916
1742	  -0.00235	  -0.00098	   0.00255	-157.31393
1743	   0.00935	   0.00495	   0.01058	  27.89065
1744	  -0.01806	  -0.00357	   0.01841	-168.80292
1745	  -0.00599	   0.00388	   0.00714	 147.08047
1746	   0.00820	   0.01320	   0.01554	  58.15787
1747	   0.00113	  -0.00044	   0.00121	 -21.20545
1748	   0.01070	   0.00438	   0.01156	  22.26999
1749	  -0.00008	  -0.00107	   0.00107	 -94.11613
1750	   0.01746	   0.00182	   0.01755	   5.94869
1751	   0.00100	  -0.00550	   0.00559	 -79.66029
1752	  -0.00835	  -0.00004	   0.00835	-179.72800
1753	  -0.00041	  -0.00442	   0.00444	 -95.23544
1754	   0.00020	  -0.00071	   0.00074	 -74.27122
1755	  -0.00739	  -0.00047	   0.00740	-176.37479
1756	  -0.00076	  -0.00202	   0.00216	-110.56316
1757	   0.00714	  -0.00272	   0.00764	 -20.85554
1758	   0.00488	  -0.00025	   0.00489	  -2.89967
1759	  -0.00311	  -0.00408	   0.00513	-127.26655
1760	   0.00584	  -0.00153	   0.00604	 -14.66651
1761	   0.00051	  -0.00043	   0.00067	 -40.24126
1762	   0.00114	  -0.00566	   0.00577	 -78.58630
1763	  -0.00127	   0.00306	   0.00332	 112.47058
1764	   0.00425	  -0.00545	   0.00691	 -52.09007
1765	  -0.00319	  -0.00295	   0.00434	-137.28844
1766	  -0.00045	   0.00678	   0.00679	  93.81424
1767	   0.00075	  -0.00205	   0.00218	 -69.74463
1768	   0.00092	   0.00059	   0.00110	  32.72623
1769	   0.00415	   0.01442	   0.01500	  73.94993
1770	   0.00058	  -0.00178	   0.00187	 -71.78985
1771	   0.00907	  -0.00300	   0.00955	 -18.33098
1772	  -0.00110	   0.00058	   0.00125	 152.26761
1773	  -0.00085	  -0.00096	   0.00128	-131.45718
1774	   0.00074	  -0.00570	   0.00575	 -82.61224
1775	   0.00288	  -0.00079	   0.00299	 -15.41910
1776	  -0.00747	   0.00511	   0.00905	 145.63013
1777	   0.00002	   0.00109	   0.00109	  89.14942
1778	   0.00263	   0.00325	   0.00418	  50.97183
1779	  -0.00101	  -0.00118	   0.00156	-130.69205
1780	  -0.00065	  -0.00529	   0.00533	 -96.96098
1781	  -0.00073	  -0.00186	   0.00200	-111.42252
1782	   0.00126	   0.00009	   0.00126	   4.11749
1783	  -0.00289	   0.00144	   0.00323	 153.52989
1784	  -0.00260	   0.00560	   0.00617	 114.89275
1785	   0.00113	   0.00732	   0.00741	  81.25613
1786	   0.00176	  -0.00537	   0.00565	 -71.85262
1787	   0.00019	   0.00143	   0.00145	  82.63800
1788	   0.00215	   0.00164	   0.00270	  37.27113
1789	   0.00051	   0.00059	   0.00078	  49.30358
1790	  -0.00140	  -0.00440	   0.00461	-107.65338
1791	  -0.00191	  -0.00442	   0.00482	-113.36663
1792	   0.01018	   0.00080	   0.01021	   4.51578
1793	   0.00098	  -0.00265	   0.00282	 -69.67594
1794	  -0.01428	   0.02135	   0.02569	 123.76559
1795	  -0.00261	  -0.00236	   0.00352	-137.87561
1796	   0.00296	   0.00068	   0.00304	  12.93347
1797	   0.00105	  -0.00135	   0.00171	 -51.98069
1798	   0.00071	   0.00078	   0.00106	  47.39833
1799	   0.00968	   0.00096	   0.00972	   5.64480
1800	  -0.00380	   0.00156	   0.00411	 157.64142
1801	  -0.00249	  -0.01376	   0.01398	-100.26204
1802	   0.00182	  -0.00064	   0.00193	 -19.28250
1803	  -0.00586	   0.00330	   0.00672	 150.59856
1804	  -0.00732	  -0.00355	   0.00814	-154.10806
1805	   0.00451	   0.00266	   0.00524	  30.51751
1806	   0.00489	  -0.00231	   0.00540	 -25.27636
1807	   0.00479	   0.00579	   0.00751	  50.39076
1808	   0.01100	  -0.02976	   0.03173	 -69.71647
1809	   0.00313	  -0.00315	   0.00445	 -45.16544
1810	  -0.00056	   0.00097	   0.00112	 120.18444
1811	   0.01024	   0.01355	   0.01698	  52.90913
1812	   0.00079	   0.00101	   0.00128	  51.79547
1813	   0.00827	  -0.00845	   0.01182	 -45.63524
1814	  -0.00808	  -0.00847	   0.01170	-133.67157
1815	  -0.00089	   0.00066	   0.00111	 143.56166
1816	   0.00084	  -0.00197	   0.00214	 -66.76486
1817	  -0.00078	  -0.00184	   0.00200	-113.03798
1818	  -0.01099	   0.00616	   0.01259	 150.73120
1819	  -0.00048	  -0.00058	   0.00075	-129.95387
1820	   0.00781	  -0.00716	   0.01060	 -42.53861
1821	   0.00077	   0.00068	   0.00103	  41.34762
1822	  -0.00822	   0.00997	   0.01292	 129.48645
1823	   0.00278	  -0.00476	   0.00551	 -59.71036
1824	  -0.00104	  -0.00027	   0.00107	-165.24753
1825	   0.00333	  -0.00047	   0.00337	  -7.94425
1826	   0.00015	   0.00204	   0.00204	  85.75317
1827	   0.00514	   0.00076	   0.00520	   8.44979
1828	   0.00188	   0.00114	   0.00220	  31.17477
1829	   0.00059	   0.00453	   0.00456	  82.57954
1830	   0.00143	  -0.00488	   0.00509	 -73.63293
1831	  -0.00064	   0.00042	   0.00076	 146.86075
1832	  -0.00017	   0.00150	   0.00151	  96.53152
1833	   0.00881	   0.01637	   0.01859	  61.72246
1834	  -0.00072	   0.00141	   0.00158	 117.05726
1835	  -0.03399	  -0.00198	   0.03405	-176.67059
1836	   0.00033	   0.00259	   0.00261	  82.80979
1837	  -0.00144	  -0.00089	   0.00169	-148.39171
1838	  -0.00075	  -0.00199	   0.00213	-110.71709
1839	  -0.00066	   0.00045	   0.00080	 145.62714
1840	  -0.00081	  -0.00336	   0.00346	-103.49320
1841	   0.00342	   0.00183	   0.00388	  28.16736
1842	  -0.00099	   0.00145	   0.00176	 124.23477
1843	   0.00321	  -0.00263	   0.00415	 -39.32445
1844	   0.00249	  -0.00399	   0.00470	 -58.07793
1845	  -0.00064	   0.00058	   0.00087	 137.92325
1846	  -0.00160	   0.00061	   0.00171	 159.27592
1847	  -0.00197	  -0.00208	   0.00287	-133.46957
1848	   0.00463	   0.00057	   0.00467	   7.02280
1849	   0.00850	   0.01094	   0.01385	  52.15757
1850	  -0.00084	   0.00441	   0.00449	 100.74239
1851	   0.00154	  -0.00043	   0.00160	 -15.70385
1852	  -0.00267	   0.00204	   0.00336	 142.61798
1853	  -0.00336	   0.00203	   0.00393	 148.95700
1854	   0.00589	   0.00659	   0.00884	  48.23179
1855	   0.01715	   0.00260	   0.01735	   8.62070
1856	  -0.00037	  -0.00288	   0.00291	 -97.28636
1857	   0.00061	   0.00403	   0.00407	  81.39099
1858	  -0.00023	   0.00160	   0.00161	  98.13462
1859	  -0.00006	  -0.00360	   0.00360	 -90.99034
1860	  -0.00251	  -0.00262	   0.00363	-133.71191
1861	   0.00930	  -0.00735	   0.01185	 -38.34627
1862	   0.00639	  -0.00354	   0.00731	 -28.96249
1863	   0.00084	   0.00273	   0.00286	  72.80569
1864	   0.00005	  -0.00020	   0.00021	 -77.15585
1865	   0.00157	   0.00037	   0.00162	  13.36251
1866	   0.00270	   0.00357	   0.00447	  52.91956
1867	   0.00062	  -0.00106	   0.00123	 -59.75426
1868	  -0.00075	  -0.00033	   0.00082	-156.01807
1869	   0.00258	  -0.00246	   0.00357	 -43.60331
1870	  -0.00325	   0.00155	   0.00360	 154.43433
1871	  -0.00105	  -0.00081	   0.00132	-142.22688
1872	   0.00217	  -0.00133	   0.00254	 -31.50354
1873	   0.00241	  -0.00196	   0.00311	 -39.03117
1874	  -0.00247	  -0.00200	   0.00318	-141.04556
1875	  -0.00146	   0.00237	   0.00278	 121.65144
1876	   0.00043	  -0.00393	   0.00395	 -83.75954
1877	  -0.00020	   0.00088	   0.00091	 103.03421
1878	   0.00205	   0.00003	   0.00205	   0.80353
1879	   0.01327	  -0.01084	   0.01714	 -39.25147
1880	   0.00494	   0.00631	   0.00802	  51.95210
1881	   0.00132	   0.00018	   0.00133	   7.66305
1882	  -0.00067	  -0.00029	   0.00073	-156.77357
1883	  -0.00147	  -0.00101	   0.00179	-145.42145
1884	   0.00140	  -0.00166	   0.00217	 -49.89558
1885	  -0.00504	   0.00828	   0.00970	 121.32201
1886	   0.00368	  -0.00004	   0.00368	  -0.56591
1887	  -0.00304	  -0.00034	   0.00306	-173.56903
1888	  -0.01166	   0.00984	   0.01525	 139.83720
1889	   0.00441	  -0.00464	   0.00640	 -46.49386
1890	  -0.00113	   0.00319	   0.00338	 109.50093
1891	   0.00109	  -0.00077	   0.00134	 -35.33152
1892	  -0.00064	   0.00138	   0.00152	 114.83622
1893	  -0.02156	   0.01952	   0.02909	 137.83687
1894	  -0.00236	   0.00055	   0.00242	 166.90347
1895	   0.00429	  -0.00143	   0.00452	 -18.37885
1896	  -0.00179	  -0.00030	   0.00182	-170.52448
1897	   0.00098	   0.00157	   0.00186	  58.00988
1898	   0.00010	  -0.00055	   0.00056	 -79.69097
1899	   0.00065	   0.00070	   0.00095	  47.01246
1900	   0.00346	   0.00172	   0.00387	  26.34968
1901	   0.00067	   0.00167	   0.00180	  68.11469
1902	  -0.02511	   0.02225	   0.03355	 138.45940
1903	  -0.00984	   0.00393	   0.01060	 158.23427
1904	   0.00312	   0.00327	   0.00452	  46.41786
1905	   0.00321	  -0.00409	   0.00520	 -51.88716
1906	   0.00196	   0.00050	   0.00203	  14.16955
1907	   0.00060	  -0.00334	   0.00339	 -79.82540
1908	   0.00655	  -0.00278	   0.00712	 -23.01009
1909	   0.00017	   0.00394	   0.00394	  87.49859
1910	  -0.00088	  -0.00209	   0.00226	-112.75310
1911	   0.00358	  -0.00582	   0.00683	 -58.38763
1912	   0.00225	   0.00310	   0.00383	  54.05405
1913	   0.00190	  -0.00086	   0.00209	 -24.41959
1914	   0.00070	  -0.00331	   0.00339	 -78.08839
1915	   0.00111	  -0.00064	   0.00128	 -30.10299
1916	   0.00318	  -0.00239	   0.00398	 -36.93901
1917	   0.00021	   0.00059	   0.00063	  70.81921
1918	   0.00350	  -0.00437	   0.00560	 -51.31401
1919	   0.00128	   0.00031	   0.00132	  13.55694
1920	   0.00062	   0.00233	   0.00241	  75.22198
1921	   0.00562	   0.00433	   0.00710	  37.61745
1922	   0.00208	  -0.00172	   0.00270	 -39.65709
1923	  -0.00332	   0.00039	   0.00334	 173.33400
1924	   0.00233	  -0.00094	   0.00252	 -21.97692
1925	   0.00461	  -0.00173	   0.00493	 -20.51300
1926	  -0.00016	  -0.00028	   0.00032	-119.34749
1927	  -0.00299	   0.00095	   0.00313	 162.40860
1928	   0.05976	   0.03391	   0.06871	  29.56984
1929	  -0.00128	   0.00082	   0.00152	 147.48366
1930	  -0.00210	  -0.00310	   0.00374	-124.09800
1931	   0.00924	  -0.01072	   0.01415	 -49.21584
1932	  -0.00323	  -0.00485	   0.00583	-123.71135
1933	   0.00218	   0.00372	   0.00431	  59.55959
1934	  -0.00025	  -0.00129	   0.00131	-101.13991
1935	  -0.00839	  -0.01402	   0.01634	-120.89848
1936	  -0.00067	   0.00205	   0.00215	 107.98498
1937	   0.00305	  -0.00022	   0.00306	  -4.10455
1938	   0.00100	  -0.00132	   0.00166	 -52.66189
1939	  -0.00328	   0.00074	   0.00336	 167.31851
1940	  -0.00234	  -0.00585	   0.00630	-111.83136
1941	  -0.00254	  -0.00591	   0.00643	-113.26273
1942	  -0.00025	   0.00185	   0.00187	  97.70065
1943	   0.00001	   0.00090	   0.00090	  89.63531
1944	  -0.00344	  -0.01111	   0.01163	-107.19467
1945	  -0.00069	  -0.00044	   0.00082	-147.81857
1946	  -0.00207	   0.00476	   0.00519	 113.51123
1947	   0.00886	   0.02609	   0.02755	  71.24396
1948	  -0.00122	  -0.00192	   0.00227	-122.46421
1949	  -0.00799	   0.00278	   0.00846	 160.81921
1950	   0.00022	   0.00040	   0.00046	  60.77422
1951	  -0.00083	   0.00783	   0.00787	  96.03746
1952	  -0.00027	   0.00958	   0.00958	  91.63817
1953	  -0.00652	   0.00354	   0.00742	 151.48604
1954	  -0.00228	   0.00155	   0.00276	 145.70631
1955	  -0.00165	  -0.00361	   0.00397	-114.57316
1956	  -0.00452	   0.00085	   0.00460	 169.36786
1957	   0.00120	   0.00039	   0.00127	  17.99532
1958	  -0.00244	   0.00325	   0.00406	 126.88879
1959	   0.00259	  -0.00494	   0.00558	 -62.36885
1960	   0.00264	   0.00557	   0.00616	  64.65221
1961	   0.00748	  -0.01143	   0.01366	 -56.80830
1962	   0.00269	  -0.00573	   0.00633	 -64.86037
1963	   0.00173	  -0.00097	   0.00198	 -29.23663
1964	   0.00040	   0.00054	   0.00067	  53.56143
1965	  -0.00625	  -0.00203	   0.00657	-161.97733
1966	   0.00357	  -0.00143	   0.00385	 -21.86838
1967	   0.01140	   0.00434	   0.01220	  20.82724
1968	  -0.01953	   0.00560	   0.02032	 164.00861
1969	  -0.00261	  -0.00319	   0.00412	-129.23276
1970	  -0.00719	  -0.00349	   0.00800	-154.09142
1971	  -0.00302	  -0.00653	   0.00719	-114.79566
1972	   0.00397	   0.00032	   0.00398	   4.65658
1973	  -0.00015	  -0.00176	   0.00177	 -94.97567
1974	   0.00405	  -0.00259	   0.00480	 -32.57366
1975	   0.01752	   0.00522	   0.01828	  16.59255
1976	  -0.00315	  -0.00041	   0.00317	-172.51778
1977	   0.00073	   0.00026	   0.00077	  19.28576
1978	   0.00099	  -0.00032	   0.00104	 -17.84510
1979	  -0.00090	  -0.00009	   0.00091	-174.24689
1980	   0.00072	  -0.00065	   0.00097	 -42.37899
1981	   0.00026	  -0.00896	   0.00897	 -88.35381
1982	  -0.01481	  -0.01833	   0.02357	-128.92918
1983	  -0.00361	  -0.00134	   0.00385	-159.62653
1984	  -0.00008	  -0.00322	   0.00322	 -91.48327
1985	   0.00255	   0.00184	   0.00315	  35.84155
1986	  -0.00012	  -0.00131	   0.00132	 -95.38707
1987	  -0.00134	  -0.00207	   0.00246	-122.92144
1988	  -0.00402	  -0.00011	   0.00402	-178.43614
1989	   0.00123	   0.00106	   0.00162	  40.82506
1990	   0.00228	  -0.00481	   0.00533	 -64.59660
1991	   0.00105	   0.00102	   0.00147	  44.13614
1992	  -0.00037	  -0.00505	   0.00507	 -94.19439
1993	   0.00317	  -0.00503	   0.00594	 -57.77511
1994	   0.00076	   0.00175	   0.00191	  66.39700
1995	   0.02449	  -0.01553	   0.02899	 -32.37474
1996	  -0.00245	  -0.00307	   0.00393	-128.56580
1997	  -0.00080	   0.00327	   0.00336	 103.73500
1998	  -0.00126	   0.00031	   0.00130	 166.35730
1999	   0.00212	   0.00096	   0.00233	  24.37843
2000	  -0.00119	   0.00189	   0.00223	 122.17403
2001	  -0.00010	   0.00255	   0.00255	  92.28188
2002	  -0.05715	   0.00025	   0.05715	 179.75197
2003	   0.00137	  -0.00066	   0.00152	 -25.85158
2004	   0.00411	  -0.01464	   0.01520	 -74.32491
2005	   0.01413	   0.01628	   0.02155	  49.04517
2006	  -0.00128	   0.00172	   0.00214	 126.72114
2007	  -0.00184	  -0.00184	   0.00260	-135.07062
2008	  -0.00322	  -0.00037	   0.00324	-173.50630
2009	  -0.01010	   0.01180	   0.01553	 130.54047
2010	   0.00154	   0.00413	   0.00441	  69.56269
2011	  -0.00136	   0.00389	   0.00412	 109.20296
2012	  -0.00046	  -0.00030	   0.00054	-146.72481
2013	   0.00732	   0.01673	   0.01826	  66.36658
2014	   0.00350	  -0.00191	   0.00399	 -28.63128
2015	  -0.00566	   0.00232	   0.00611	 157.66373
2016	  -0.01988	  -0.02430	   0.03140	-129.28287
2017	   0.00019	   0.00091	   0.00093	  78.19683
2018	  -0.00268	  -0.00055	   0.00274	-168.33786
2019	   0.00016	   0.00159	   0.00160	  84.38873
2020	  -0.00109	   0.00197	   0.00225	 118.96059
2021	  -0.00327	  -0.00023	   0.00328	-175.99687
2022	  -0.00237	   0.00507	   0.00560	 115.07182
2023	   0.00714	  -0.00109	   0.00722	  -8.69630
2024	   0.00008	  -0.00012	   0.00014	 -56.56744
2025	   0.00119	  -0.00507	   0.00520	 -76.75173
2026	   0.00003	   0.00023	   0.00023	  82.80717
2027	  -0.00231	  -0.00634	   0.00675	-110.04560
2028	   0.00061	  -0.00048	   0.00077	 -37.85511
2029	   0.00266	  -0.00237	   0.00356	 -41.62519
2030	   0.05349	   0.04605	   0.07058	  40.72169
2031	  -0.00124	  -0.00016	   0.00125	-172.61829
2032	  -0.00102	  -0.01007	   0.01012	 -95.77857
2033	   0.00903	   0.00140	   0.00914	   8.81793
2034	  -0.00316	  -0.00299	   0.00435	-136.56612
2035	   0.00185	  -0.00175	   0.00255	 -43.49504
2036	   0.00104	   0.00189	   0.00216	  61.10787
2037	  -0.00275	  -0.00511	   0.00580	-118.29517
2038	  -0.00061	   0.00092	   0.00111	 123.52045
2039	   0.00105	  -0.00198	   0.00224	 -61.99798
2040	   0.00114	  -0.00029	   0.00118	 -14.50344
2041	  -0.00185	   0.00055	   0.00193	 163.51591
2042	   0.00101	   0.00132	   0.00166	  52.58204
2043	  -0.00172	   0.00088	   0.00193	 152.78636
2044	  -0.00676	  -0.01090	   0.01283	-121.79234
2045	  -0.00497	   0.00038	   0.00498	 175.58243
2046	  -0.00476	  -0.00186	   0.00511	-158.62314
